AUGTORUM. 661

11,6,6 1.115166.111-,1,1.
mwmffihammm
111,1,1. 1.150.1Ι,1,8. 1.
1661Λρ.ιπυῆπ,
lamwmwststavstnw
11, 8, 6. 1. 111 166. 1, 5, 6.
1.16116.1’1,9,18. 1. 111
6119616. 111,1, 11. 1. 601
166. V, 18,18. 1. 611* 166. 1,
1, 9. 1. 616. 111, 9, 16. v. 111
166. V, 6, 1. 1. 651. 1,11,1.
muussmffinnmvfflw
166. 1, 5, 9. 1. 661166*1,1,
101 11, 365 'q' lv, 36 131 v·
mmmmmmmu
16,1. 1.108.11,6,11. 1.
1061611611. 11061611,
1,11. 1.110166. 1,16,11. 1.
116* 166. 11, 1,’ 18. v. 111. 11,
6,11. 1.115.11,6,11. (1.
119. 1,11, 1. 1.111 166. 1, 6,
11. 1. 19116. De verb. 9, 9.
’ 1.196 166. 1, 5, 18. 1. 565. 11,
9,1. 1.550166.11,1,11. 1.
55616. 11, 6, 6. 1. 560. 11,
6, 9. 1. 566. 61 1. 591 16. 11,
6616111η1161
166. (1. 1,6, 19. 1. 616166.
1, 11, 9. 1.66116.111,8,1.
1. 518 16. 11, 8, 6. 1. 611 16.
116 161118, 11. 1. 611. 11, 8,
6. 1. 68116. 61 88516. 111, 8,
1. 1.991.111,1,18. 1.111
166.111,1,1616. 1.119.11,
1616υ6161
ΜΉ116ΜΜ11
mmquffistffl-lm
mmmffistmmffiu
1. 1. 11. 111, 1, 9. 1. 19. 111,
8,1. 1.11.111,19-,8. 1.16.
ΜΛ661666ΛΛ.1
666166161
1. 15. 11, 5, 8. 1. 89. 111, 6,
6. ,1. 91. (1. 1,1,8. 1. 9116.
umammstmm
11616111. 1,1. 1. 118 16. 111,
1, 6. 1. 119. 111, 6, 5. 61 10,
61661ω166
1.161.1).19,60. 11616111 6,
6.αωη6116166
11, 1, 56. 1. 191* 1, 6, 1. 1.
Μη6166161ηῃ
11.· (1. 199166.)1,1, 11. 1.
181 16. 116 11111. 1, 19. 1.
111. 11,5,11. 1.151 16. 1,
11, 11. 1. 168* 16. 1, 6, 6.
1. 181. 8. 1, 11, 6. 1. 611 166.
11, 6, 9., 1. 611. 11, 8, 16. 1.
81916.(1.1,1,6. 1110166.
1, 6, 1. (1. 119166.) 1,1,11.
1.161 16. 111,1,10. 1.186 16.
1,6,1.1.18916.11,5,19.61
1, 6, 1. 1. 516166* V, 11, 10.

1. 566 16. 1, 6, 6. 1. 110166.
ἣηωιωψηωα
1.581. 11,1,11. 1. 691. 11.
¹⁶, ¹⁰· 'u ΜΘΓνΙ, Β, ⁸· 'n
610. 11, 6, 19. 1. 611. 11, 1,
66. 1. ⁶213 116 11111. 9, 11.
1. 611166. 1, 16, 11. 1. 616.
11, 6, 11. 1.661.1, 16, 6. 1.
661161Μ666
anmmwmmvmz
61161161116-
lv! 111 lq· 0191 06168661
1. 56 16. 111,1, 5. 6111, 6,1.
1. w 111, 5, 1. 1. 57* 166.
111,11, 10. 1. 61. 111,1,6.
1. 6616. 111,5, 1. 1. 6616.
Vl, 6, 18. 1. 69 166. 1, 6,,9.
111116. 116 1611. 6,16. 1.
6η6η191Λπηη
ηηῃωΛΑωη.
61916. 111, 1, 9. 1.168 166.
1, 6, 11. 1.111.11,6,16. 1.
188. 1, 11,19. 1. 191 1611,
5,-1. 1. 601 16. 1, 11, 16. 1.
6651661, 11, 11. 1. 611 16.

.wnwnmnmm

mmmwmanm!
1).15,19. 111 verb. 1,1. 1.
111166. 1, 6, 18. 115611,
affofflmmffim&
1. 181. 11, 1, 0. 1. 511. 111,
16 7. 115131ψ ν619691 V.
511. 11, 6, 9. 1.·560.* 11, 6, 1.
Vn 531 lq· lv, ⁶, 111 V- 58⁴·

“ 11, 1,1.’1. 1. 58116, V, 6, 15.

1. 585. 11, 1, 61. 1. 59016.
11, 1, 9. 61 11,6,16. 1. 591.
11, 6, 1. 1. 611 166. V, 19, 6.
1. 661 16. 111,1,1. 1. 168.1
111, 6, 9. 1. 151.1 11,6,111 1.
wwsthssmmw
w, 2, ῃ. V· ⁶⁶9 lq· W, Β, ⁶0
vfflmmmmnmm
V, 19,1. 1. 10116. 1, 19, 5.
-1.1.116.1,1,11. 1.8
166.1,7,1. 1.61.11,1,16.
1.11.1,11,1. 1. 9816.1,1,
1. (1. 101166.) 1,1, 15. 1.
111166. 1,11,90. 1. 19116.
11, 6,11. 1165166. 111,1,
fi· 'a 237 'q' 1116ἳ6ι v·
151. 11 , 6, 19 1. 159 166.
1,1,6. 1. 601. 11, 1, 61.
1. 611. De 16111. 6, 11. 1.
666611ω161
mmmummfflm
16116 11169, 9. 1. 611. 11,
8, 6. 1. 101. 11, 8, 8. 1.
11116.1 11, 1,16. 1. 116. V,
’1, 5. 1. 168. 11, 6, 6. 1.168

6.* 11,1,1. 11. 181. 61 186.
11, 5, 6. 1.185.1,1,6. (1.
191.) 1,15,11. 1. 51116.*111,

 

