uffifflfflwmmfflm

0111 11111111111111111 9. Ι, 19,
191111. Quid 1111111111111111
1111111111· 11. 19. 9111111111
111111 1111 1111111 111111 11
1111111111 11111111 11111111 111. 1.
1111 udinem 19111111 c. 1, 19,
1. 1111111111 et 11111 1111 11-

· 111 11111111111191. 1, 91 0.
Ι, 19,1111. nin· 11111111 111
11191111 11110. Ι,11,9. Cum
1111111111 111111 1111 111 Virgo
0. Ι, 91, 91. (1111111 1111111111
1111 111. 99.

11131111111111119111 1111111111 1111

11111111111 11111111 c. 1, 1111911.

11111111, 1111111119. Ι, 9, 11. 111·
111111, umqum medidies, 1111
111111111 11111 11 111 111111 11·
&mmmm

1111111111 (1.1, 9,9. 1111111 111-
11111 11111.

11111 111111 1111111111ιί 1111111
11111111 1111111 11111 9. Ι, 19, 1.

1111111 11111 11. 11, 9, 9.

91111 11111 11. 99, 9.

11111111111111111111111 c. 1, 1, 11.

1111111111 111111, 111111 ΙΙΙ, 19, 9.

11111111 11111 S. Ι, 19, 2⁸. 1111-
1811ἲ1111ς1111111111 1111 1111111

. ,9, 9911,

11111111, 91111111 11111 ΙΙΙ, 19, 1.
11111311ὲῖ11 ιιῗ’1.“““

11111111911111111 1111111 111111·
111 1111111111 V, 19, 9.

11111 1111111 c. Ι, 9,19.

Mssfflf' 1. 1. 1111111 1111111111

11111Ιί11 1111111 111 11111 111
11111 0. Ι, 9, 9.

11111111 1³11 11111111, 19, 911.

11111 arr-guatino vu, 9, 1. -·
111-1111111 11111111111 19. 19.

1111111111 1111 1111111111 111, 11, 1.

1111111111 11111 1111111 1111111.
1111111111111, 9, 9 111. 1119111·
11111 111111 111111111111111 11, 9,
91 ‚m

Μ11111111Ἆ S. 1, 19, 9.

Mammam 11. 11 c.-11, 19,11.

11181111111111 gnum 1191111 111111

0 2 ‚ ⁰ ’

1111111 11, 1, ’9 11 19.

Milo· 1111111111 1111111 0. Ι, 1, 9.

11111111 'mum 01111 imoim-
1111 S. Ι, 11, 91.

1111111111 111111 111, 19, 9.

1111111111111111111111 1111111 111-
11111 11111111 1119111111 c.1, 9,

111111 1111111119. 1111111111. .-.
1111111111111 V, 19, 1. Milli

m

1111111 111 111111 11111111 9. 1, 9

111. Milia, 11111111111 19. 9. ’
1111111 (11111) 111, 9,9. 1111111

1111111111 S. ΙΙ, 1, 1, .

1111111111, 1991. 111111.

11111111 11 111 1111111 1111 ⁰· Ι,
9,11. -11111111111 111 1 11-
1111111111111111 11111111 9. Ι,
11,19. -11111111111111111111·
111111111,1,9. 11111111111
111111111 11, 99, 9. 1111111111
flammarum 111111111111111, 19,
ἴς. 011111 1111111119. 1, 91,

111111111τὲ1 111 111111 11 1 11111-

’ 11
1111 S. Ι, 11, 19. 1911111111
1111111 1ὲ1,1169,8119. 9111111111
111111 . .

Μίἓτὲιω 1111’11’111. 1. 111. 111,
¹ 0

Minotaurus S. Ι, 11, 91.

munga 111111 1111111111 11. 19, 1.
,1111111111 1111

1 a ·
flivnlulug ῗ1 11111111 111111111111
1 1 ·

111111111111111111111 111, 9, 19.

111111 111111 vl, 1,19. ,

11111111111111111111. 11 vu, 19, 9,

1111111111 11, 9, 11 11, 9, 119.

Ι111111111ἓιιῖΙ1 ἰ 191, l 11 19 1111 ³,

⁸ ·1 1 ⁸ ·

1111111111 digito· 11111 c. ΙΙ, 11,
11. - 111111111111 11111911 ’0.
111111191119111
11111111 1111111 S. ΙΙ, 1, 99.

111111111111,9,91;1,11,19.

111Ιέ111 11111 111 1111 1111111911,

, .

11111111110. Ι, 9, 1.

11111111111111.

Modo =. 1111 111, 19, 11 1119.

111111111111111111 lV, 1, 19111.
11 ι911811ῗὲ1111 vorbi, 1111111111.

1111111111111111111111, 19, 9.

11111 11111111 111111111 11111
11111· 1111 111, 9, 9.

11111111 111111 11111 11, 9, 11.

1111111111 1111111119. «

111111 1111111 11 1111111, 11111 ,
11111· 0.Ι,.9.,.1; ll, 9, 11. -

- 11111111 11111111 11 11111 (1.1,
1111111. 11, 111
9. -111 11111111, 1111111111
numerorum ongo (1.1, 9, ⁷3 ΙΙ,
9, 83 11,91. jn 11111111·
111· 11111 generet . 1,1,11.
·- 11111 11 1111111 111 1111 11.
Ι, 9, 9. - 1111111111 111111111

 

