annum 11 1111101111. 111

111118. -11 1111111111- 01111111110.1,11,1 ·

1111111111, 11. 01111111 111111111110.
01111111 111 1111111111 11 1111- camum peregrinum 1110111 111

lum 111111 1, 18, 11. 11, 1, 11.

01111111 1, 11, 11. cantamina! 1111111 oblique 11-
01111111 11111111, 10,1. 1111 1111· 11111 11111111 S. 1, 11,
01111111 11 0111111111. 111. 111- 01;11,11. 011111 11111111 0. l,

1111. 18,8. 11 101111 10,1; 111.
011111 111111 1111111111 111111 - 11 1111111 tropico S. 1, 1111

111, 0, 8. 1111 111 1111111 11 11.Ι ·- 11111 1111111111 111,

11111 1111111111 conveniunto 1111111οωί1111 1111111· 01, 11,

1111101110. 011111 111111 1111. 01. 51. 11011111.

11111111 11 111 11 11 fem 01111111 1111111111111111111-

1111111110. 1 , 11, 8. 0111111 11111101, 111111.

1111111111 111· 111111 111 pmi- 011111111111111,1,1.

11111 1111111111, 11, 1111. 01- 01111111 111 11111111 1, 11, 11.

11111 111111 (11 1111) 1111, 11. 01111111 1111111 = 1111111111 11·
01111 dab τῆς 11111111 1, 11, 18. 11111 11, 0,’1.

011111111111 111, 1, 11. 011111 11 Aegypto 1111111 fugiente·
Calliope, 1111 11111,11111111111111 S. 11, 1, 1. 01111 11111 quid

11111110111, 1. , 113111111 11 11111ἷ111 1111111111
01111 11111 1111111 cur 11 11111 1111811111118. ,10,11. 01111

111 vehementior 111, 8, 1111. 111111111110. 1, 1110.

01111 11111111111111111111Λ, 0111 qum 1111 11111 111, 10, 0.

1. - 11111 111111111111, 11111 0111111 111 S. 11, 1, 1.

1111111111 111, 11118. 01111111 01111111 111111 1111111111 111111

111 11111111 1111 0. 1, 11, 11. 1011111111 1111111111 11111111 S·

01111111 1111111 1111111 0. ΙΙ, 11,1,11;1111,10.

10,1111.“;8.1,11,1. 0111111 0111111111111118.1,11,11. ··-

111 111111111 exuberanti· 1111111 11111111111111118. Ι, 11118.

11111111111 11111111111111 11111 01111111 11111111 opud 1111111111

0. 1110, 11. 0111111 1111111111· 11111111 11111 11110. ΙΙ, 1, 1.

11111111111111111,11,11 sq . 0111111 111 11111 11111111 1111
0111111111111111 nigra 1111111, 1111111111, 11, 10. ⁴ ..

10, l. cantharus poculi 11 1111311 11111
0111111110. 111111. 1,11,11111. 111111 111111
0111111111 1111111111· 1111111 111· poculum 111. 11 11 11.

1111111111111111111,10,1111. 0111111111 111, 11, 1. . .

-111 111111111111111111111111 011111 11 1111111111 1111111 1111

1111. - ex 111111 1111111 111, 1, 0. 1111. 01111 111111 1111111·

11. 11 1111111111 111111111111111 111 11111111111111111.8. -- 1111

11111111111111111111 1111111111· 11 11111 111111 11. 10.

111111111111111. 0111111111 1111111111 0. 1, 11, 1.
Calypsoni- 1111111 1,1, 10. -11111111 0111, 10.
011111111111. cepas 111111 C. 1, 8, 8. -· 111·
01111111 111 111111 1111111111 01 1111111111 0.1, 110.

11, 111. 0111111 111111111111111 111, 1, 8
01111111111111111111111111111 soli 111. 01111111111111111111, 111·

1111111 111111. 1111111111111111111Λ1. 1111-
(31111111. 15,- ¹¹· 111111 11111111 1111111 11111111·
0111111111 111110111108. 1110. 11111 1, 11, 18.

011111111111·0111·ῖ111· , 01111111111111111,11,1.
01111111 1111111111 1111111111 111, ο, „ln 11111111111110 mus.

111111ιέ1 ''T-20³· namra.. 11. 1 n’itsskuffu's'.⁰1‚⁰⁸0n‘:⁸g.pe 1111·

01111111 11 011111111 1111111111

11111111. τ. oanau= μ.. 01111111111111. 1111·

1, 10, 11. uam-auom· 1111111 1111111111
011111111118.1,11,11. 11111. - 11111 11111111 111111,
0111111111, 11, 1. 0111111111 quae 1111111 1111111 0. 1, 11,

11111 1111110. 1111. 01. Β. 1, 1111. 1101·

0111111111 ffor 1111 1111111111 111· 11111111 81111111 1111111 11

mutu 111, 11. · 111111 11111111 (111111.

 

