RERUM ΕΤ VERBORUM 010

1111 1111111 11111 regnanto 8111- 0111111101111 1111111111. 1, 1111ος

111111 ex 1111111 oppido 1111111111
11111111110111111 S. 1, 00, 10.
Pr· 11111 ponunt 01111 figuram
81, 10, 10. 0111111111 renum
11111111 porni- 1111111 quondm
· 11. l, 14, 0. - religiosissima
1118. 1,1,11. Eorum 11111-
01111 prophetae 01111 111, 10, 0.
Herculem quom religiosisomo
1111111111 8. 1, 00,1 1111. 1111-
111111111111 1111 eorum 1011111-
11111111111 111111111011111111111
10. 11. Quando 111111 8111111111
11 8111111111 1111111111, 11111111-
1111 1111111 11111 11011 111111111-
111118. 1,1, 11 oq. 1111 11011-
111 opud 11118. Ι, 01, 11 11. 111-
111 10. 10. Quomodo 0111111111

011, 001 ΙΙ, 1,4110. -11111111
111 (1.1, 00, 01. 01110111 G. 1,
00, 00. 0111. 1111111111 11111 10.
00. 0111111111111011111101111111
’0.,1ἰὴο111 00. 0111111111 1111111
so 1 .

Aequinoctium 1111111 8. 1,01, 0.

01111111. vernon 1111111111111
8. l, 10,11. 0111. 11111 1111111-
ιιιέο 111111 111111111111111110.

011 11111110. 1,11, 1ος 8. 1,11,

543 111, 4, 0. 01111 11011111111
8. Ι, 10, 00. 011111011111111
1111111111 1111111 ot 11111 G. 1,
11,0. Eius 1111111 C. 1, 00, 0.
1111111111 11101114 1111111 ,10. 0.
1111111111 11 1111011 111 0. 1,

0, 001 8. 111, 0, 01. 011111111-
1111 1111111 01111111 111111 11
prodit vn, 10, 01.

· 1101111111 figuraverint S. Ι,19, 10.

0111111111111111 1111118. Ι, 10, 1.
- 0111111111 1111111111 01111111·
111111 compo· 111,ι1., 10. -
11’“”1.1111111..’“11“1111 ’1ἷὲ
1113101 11111 11111 vlf, 0, 011.
Rumori· 111 1111111 1111111111
numquam 11 111111 0. 11, 10, 14.

141111111110111118. 1, 11. 00.

G. 011111110111 1111111100, 0.

Aegonis 1111111111οο 01111111 111

,1,11, o

,4111011111 10 0111111181, 0, 01.

0111111111 1110 1111. 8. 1, 10, 00.
0111. 1111111111 1111111 110111 11
111111011101 1111101111 111118.
1:3⁵ 10, 11. 11001111011111111111,

0111111111 0111 1111111111 11 1111·
01111111οἰ1 G. ΙΙ, 10, 10.

oeno· 111111 pleraque adhiberi 11·
1111 V, 10,11. 011111 11111011
111111 11111111 10. 1 sq. 011111
111111 1101 1111111111 Virgilio·
10. 0111. 01111 1101 10. 0.

011111 pontifex· 111,0,11. Quo-

1111111111
1111111 1110110.1,00 0. 'l'or-
11111 1111118. 1, 01, οῘ Terram
moveri 111 1111111 G. 111, 1.
01111 11 1111111 11111111 vn,
1111110111ἕί 111111113ἓῖ
oque por 1111111111 1111111111
0. 1, 0, 0011. 01111 11 igni·
111 11111111 1111111111 11110.
01111111110.1,00,0. 11111111·
1111 111111 111 11111 111 oum
11111114 'ss 1111 igne 1111111111 0.

0111111111 Romanum 111 11111181- .
11111 1111111111 S. 1, 0, 0,

Acratum 11 11111 = clypeo· 1111111
1111111111, 0, 0. .

’.4εὲ111εέ11111ιὲ &aaa 111, 10, 01.

0111111111ιη’1“11311111 1111111011
111611111111111111 1111111111 V,
ιι, .

011 1111111111111101 111111 11111-
11111118.1,1,00. 011111111

110111 11111111 11111111111 0.
1, 1, 1. 1111111111 11111111 01-
11111 111,0,1. 1111111 11111111
1111101 1111111111, 0, 11. 011111
11 11111 1111111 11,1,11. -
111111 1111111111, 0, 0. - 111111·

011111 opud 11111111111 V, 10,
11. - styptica 111 vll, 10, 00.
- 111 111110111111111111011 10.
04, - 11111111 1111110111 1111·
1111110) 00. 11 11111 11111111
111 1111111111 1111111111 11111111

111 11 1111011111 1111111 10. 0. 11111111010.
-111111111111111111,10,0011. 01111111111 ex Apolline 111111 8.

011111 1111111111 pogna 111-
1111111 V, 0, 10.
0111111111 11111111 111, 10, 10.
Amo 101111111 V, 11, 00 11.
011111 V, 1, 4.

1, 00, 4. 10111 1111 01111111 01-
111111111011 11 11111111 1111111
1010. Quam 111111111 1151111111 ,
111. ,1. 01111111111111111111 01111
11011111111 11110.

0111111111110.1,00,001100. = 01111111 11011 11111111, 00, 0.

1111111111 G. 111, 10.
01111111· vll, 11, 0.

0111111 1101111 11 Demosthenem 111·
} 111111·11118.1,11, 11. 0111-

0111111111ε1111101111110.Ι,0,10. 1111 11111111 01111111 11111Ιί1111

11.

43

 

