181

1111. 111111 1111111111 011,
8,18. 011111111111111111 1111-
111 111111111 signi· 11111111-
81181 b* 11111 “·’““’“·
, 8111111111 p. 11111. ὐ 1111111111
0. Ι, 18, 1. -· 1111118110. 1,
88, 8. S 11111111 11111 1111111
1111111111, 8, 4. 8111111111 11-
1111 1111111 11 11111111 111111 11
1111111111 111111 111. 11.

8111111111 111111 111 1111 1111111
1111110 1,14,811.

8111111111 ΙΙΙ, 18, 18.

811111 11111 111111181111111111-
1118. 1, 88, 18,

spinei· vll, 9, 88 1181.

811111111111111 vu, 14, 1.

8111111111 1111111 0. 1, 88, 1.

8111111111· p. 1111. = 11111111

,0.1,14,11. - quod 11111111
11111111 1111111111 vll, 8, 4 111,
18111. -111118111111188

8111111111 1111111111 11111111 corpu·
εΗ, 18, 8. 81111111 11111111111

81111111 ’1111111 1111111111111 111-
111 11111111 111 111111 1111111 0.
Ι, 8, 18. 81111111 111111 11111
1111111 0. ΙΙ, 1, 1. 81111111 pro
111111 0. 1, 11,11. 111111111
11111111 111111 11. 19. - 111-
11111 111111111 ibid. - 11111111
1111111 11111. - 111511111111
111. 88. 81111111 1111111 1111111-
1111111111 11111111 0. ΙΙ, 4, 11.

Spongia 8. ΙΙ, 1, 8.

81111111115 1111111 110111111111 111,

, 1.

81111111 guid 11 111111111111 111
111, 1, 8 11 11 111.

81111111116 12111. 19. - 1111111111111

1 1 ·

811111 111,1,11.

8111111 Nat. 11 0.1, 18, 18. Quot
111111 11111111 11111111 11111111-
1111 111111 0. Ι, 811, 811.

81111 1111111111 11 quod 1111111111
11 11.-..11111111

11111 ΙΙΙ, 8, 8.

11111111 8. Ι, 18, 8. -1111111
118. 11. 8111111111111111 111111.

8111111111 1111111, 11, 9.

81111111 1111118. Ι, 18, 11 11.

81111111 1111111111 111, 4, 8.

81511111 11Ι 1111111111 1111111100.ἰέἔᾶ1,

1111311181111, 1¹1, ⁶.

8111111 (11 111111)11111 corpora 111-
1111 0. Ι, 11, 11. 811111 11111111
1111 1111111 1111111 111. 18. Unde

n. INDEX

11111111 81118. 1,88, 8. 8111-
111 1111 3111111111 11 111111110.
Ι, 11, 88. ·- 1111 111111 13111
111. 18. - ,11111 11 1110. 1,11,
18. - singulto 11111111 11111
11111111 0. Ι, 18, 9. 011 1111-
1111 1111111· 11111111 1111111111
1 111111 111111111 0. 1, 18, 8.
Nullum 111 111111 111 1111111111-
1111111111 0. Ι, 11, 88. 011111
11111111111 propri· 1111 111111
0.1, 19, 81 88, 8. 111111 pro·
prio 111110. Ι,11,18. 811111
proprium 1111111 11111 1111111111
1111 1111111 deprehendens 11111111
0. ΙΙ, 11, 9. 8111111 8111 111 1111
1111 111111111111110. Ι, 11, 18.
-quinque vngno 11111. 1118811
81, 8. - 11ς111110.Ι,11,81.
-111111111111.81; 18118111. -·
1111ῗί1“1“1.11.ἱῖ1’,1.1“.’11“
1111 11111111 11111 1111111111. 1
111...“ἵ“1”1’11“’1ι“ 1111111
· 1 1 · “
1111111111 1111111 1111 1111111111
1111111111 0. Ι, 19, 18. 1111111
1111111 1111111 11111 1111111111 111.
81. 8111111 1111 1111 111111111-
du· 111, 8, 4.

8111111111 111111111 1111111111 111 111·
1110. Ι,11, 19.

81111111111111 ΙΙΙ, 88, 1.

811111111 111· 111 11111181111111

Σ111111,’ 111111 11111111 0. Ι, 11,
91.

Σ1111111111, 1, 111.

81111111 11111 V, 19, 88.

11111 prominenti· umbra 0. Ι, 88,
88 11. 81111 1111111111 11111111
111111111111111111 V, 1, 18.

nom-ehu· 1111 11111111 1111111111-
1111 111, 4, 11. 81111111111-

. 811111 11111. 8111111111 11111 111
11111111 111111 1111111111111,11,
4. 811111 11 11111111 1111111-
1111 111111, 8, 88.

811111 (811111111) 1111111 oppidum
11111111 ΙΙΙ, 8, 18.

8111111 11111 111111111111 11 poni·
111111 catoni· S. ΙΙ, 1, 18.

8111111111 11 antistropha 11 hymni·
1111111 0. 11, 8, 8.

811111111111 1111111 ΙΙΙ, 18, 8.

8111111 11111111πί1 0. Ι, 88, 1.

81Ῐ1,“1)1.1ἶ1111 1111111111, 11111110.
811111 1111111111 1111111111 pro 111-
1111111 11, 8,11. ,
81111 1111111 111 11111111 111,
1171111611, 111111· 11111111,88, 8.

 

