1661611111

,Μηψνκκιων

1.16716.1,6,4.61111,1,66.
(1.116 ¹44 1 1,1,16,11 16,
19.1,,,161116,64.1.166

1.1,6,10.11.16111166,
1616 1161161166
v.mmw444mww.
1,,.671,.6111661,.6,6
1. 016161’,6,Ι6. 166616
11,,0161,’116.1Ι,1,66,
1,11116.11,1,16. 116116.
11,6,111.1.166166,1,10,16.
1.”,1611,16,11.1,16616.
11,6,,6 1.1.661Ι,,166.,1
161 .6.1,9,11,1,1τ6,* 16.
11,161.16616.11,6,61.
1,611,11,1,16,161616
116916611661,16,
66.1,606166,1,16,16,ζ1,
671.)1,76,16. not. 4. 661
16611616. 1666116
7161019161611,
144, 6, 8. 4. 671166 11 ,6,66.
4. 6761,,66 1 11,60, 1. 66116.
1,,.1601111*611666
1166116,0,1767,,117,
44. 4. 444. 44, 6, 24 4. 484
1661,,.611 1761111116

1,606166,11,6,.-1 Χ.1,
1,1”,11,16,16616116,6.
.1. 844 11, 6, 64. 1106166.

11, 6, 66166, 1, 101166. V,
wmaevmwmmn

1661661, 16, 1611. (11.
swam.)4‚mw941w
Ι1,0,18. 1,.166 1, 14, 44.
(116116.) V, 16, 4. 1. 116.
11,6,16 1,1611661,16,
1. ’1.117016 1, 16,.66 44440
11 144⁰ ² ’.113111 4:²⁰3:
1.

661,*11, 1, 6. (1, 601,,)116,
6. 1,66111611667 1,.601
wwasvw's.⁰me⁰0
16111,6,11.1,666.11’,66
(mmvmomffl.’ss,
11,6,111916111761
444. 44, 6 4 111616111
60.1,161,0.,116,16,111,
’10,7. 11.167166,11171 V,
1⁰,4. 1,1.86 44, 4, 44. (444
606166, 11617 ⁸444 V, 4, 16.
1,611. 1610. v. 611 sqq. V,
16,.61.66116,,,1110,1.
6611 111. 44. 4. 544. 11, 6,16.
1661161,16,.616671
9,,11 16,66.116,11. (44
66616611 10, 6. 1. 594. 44,
6111619161117

w.ulwvffl.v‚m
11706116111116
11,6,6,17161661,10,1,

1,766166, 1, 16, 1⁰. 4. 71616,
1,11,60.,(1. 717,)1, 16,..61

m

6,11.1,761,11,1,.11.701.
ΠιηνΜΝ,Η1,
mwwquvwwq
4. 1. 660. 11,4,90. 1061,
11,6,16. 1.06616.11,6,6,
v. 061 16, 11, 6, 4⁰. 1, 676,
11, 1, 44. 1, ⁰⁰4.⁸ 11, 6, 0. 4.
606. 11, 0,4.-ΧΙ.1,1,11,
0,1.1,.1616111,6,,111,
11*16.11,46 6616
11,0,.161.16161,16,7
1.’60,’11’,,611Ἳ,611Ι,6,
a 1061166111116ἶ
wmaevmawwm
1, 16016. 444, 6 6 v. 161,
1,16,16.1.191’16,11,0,

mv'. 116166.)1,6,16. 4.
24⁰. ⁰0 16111, 6, 41. 1. 116. 1,
17,10. 4. 166 4qu 11, 1, 66,
11611611, 6, 12 1106, 44.
16,16, 1111111166, (1. 366
sqq.) V, 6, 16, 1, 116. 11, 0,
41. 1116166. 11,6,16 1.
166. 1,16,6. 1166166, V,
1,16. 1106166. V, 4⁰, 44.
110716. 11, 7, 16, 1, 161,
11, 6, 6. 1.60616,11,4,16,
1. 661 sqq. 1,·66, 6, v. 611
166. 441, 6, 6. 1,601 16. 11,
1αιω1η6ωῃωο
16, 11, 0, 4⁰. 4. 761, 11,1,
Μ· V· 444· 444, 4,24. 11 151
166,1,16,66. 1, 7661661,
Ι, 161111, 76, 44. 1, 77016.
1Ι,7,16. 1,76116.1,6,7.
mwffiffiwmmm
1616. 6, 6. 1, 066, 444, 0, 16,
111666, 4. 060, 11, 4, 66.
1000166166 (1. 069.)
1,16,0,1.001.’11,6,,161
m4u2q-n4.u.
1116611616, 1,16166,

116116,17.1,16166.

N,4‚vam ΗΜ,
1,6616. 4V,⁰,.4⁰⁴¹ 1,1,6116
11,,11.1.11616,,,11666.
1.1,6111,6,16.1.176,111
1116.6,11,110111610

1,1ο6166,1,6,11.11110
76, v. 111611, 6, 1. 4. 4444
V, 16,11. 1611611, 1, 66.
1, 101. 11,1,66,110,7, 1.
106166. V, 16, 10. v. 66116,
1, 16,1. (111611, 10,11.
wmssfflmamw
Ι1,,,,4711116,16. 11,
1166111111, 4. 4. 466
16,1Ι,1,.66 1111611166
164711,3,11. 156611,
qun'mnmmv’
666,11,1,10. 16663111

11111, 6, 41. 1, 666, 11660, 16.

 

