611 11. {Nm

111, 11,.11. Elui 11111111 11. 11116111101111 1111111111 111 11·
111111111111111.1,1,1ο. - Ami: 11131111 Age-allon·

111111 1111111111,6,1ο. Querlo 11111111 111111111111111111.

1111 0. ΙΙ, 1, 11. 1111111 111 1,1,1.

111 1111111 11111111 frigidior 111· Agerium 1111611181, 4, 16.

1111111 111, 6, 11 111. 1111111 1111111 11111111 811, 6, 8

,1111111111 = 111111111111.1111. 1). 116. ,
1,11,1111,1;11,11;11,111 11111111 1111111111111 quemodo
61111611. ‘solorn- primore promuerit 8.

1111111111 11111118. l, 16, 81. Ι, 1,16.

Aerior incondite 11, 1,1. 'Ayorol‚ 1111 11111 emerim, 11

11111 1111111111 1111111111 numere ’.1111111 111111 8. ,8, 6.
1111111 G. 1, 6, 6111111. 1111111 111111 Aoo 1,16, 18. 11111111-
ΙΙΙ, 6, 16. - 111111111111111 111111,1,11. 111111111111111
1111111ὲ1111,ἓ, ¹23 111. ,11111111 glum. 1111111311111111311111
erre . ‚ . . ‚ ,1.

lustror 1111111111 luppiter, 11111- Allieno 11111 11111 1111111111 111,
mom 1111 11111111 11111111 lll, 11, w. .

1, 6. 81111111111111111111111 111111111111111111161111.11,16.
11111111118. l, 11,16. uo 1111111111 11111111).6,111.
1111111111111111111111110.1,11,6. Alabis! 8. Ι,6,111.

11111111 1111111111 lor 111111Ιί1 1116111161 11111111 C. l, 11, 1. 11
1111ὴ1111ὅ1111113119111111111111- :3⁸ ,11 1111 11111 c.1‚ 11, 111
oum . , ‚ . .

1111111111 11111111 11110.1,11, Arre' 11111111 11111111111111 111,
:r'rffr'rnfflss'r'⁸2of⁸3.mff‚'2¹:⁸1ss rrae'i'm 111, 11, 1. .
Aetherius l 11 11111111 111111 116111 bie 1 Tullio floelllle 11111
0.11,10,1. -11111111111111 81, 1, 1.

1111116111Β11119111111Ἲ1 ἲιδῦ. 11, 16, 1111111111. ν111116, mlle 1111111
11. 11111111111111111111111111. colori· scommate 1111111 8. ΙΙ,

1111111111 peronio elrcolo 111111 11.
(l. 11, 1, 16. 1111111111 1111 111, il, 6.

Aellrro 11,4,19.· . “ Ρ. 11611111111111, 18,11.

11111111111111111111111111111111 1111111111011111111111111, 11 ’

111111 Virgilium 1, 11, 6111. 11111111.
Aetoliorrm 1111111111 8. l, 11, 11. 1161111111 111 111, 16, 1.
Aetolorum 11111 ono 11111111 1111 1111116111 nmo, 1.
11111111 ingrediendi 11111111 1, 1111111111 111111 1111111111 11 111·
16,1611111. -111111111 11111 111118.11,1,6.
111. le. 1111111 1111111111 1, 1, 18.11 111,
11111111, 1, 66. 1, 11.

1 11111 ο.1,1,’1. - 111 boul 1111111111 nelo· 11111 1111111 1111- 1

111111110.11,16,16. 11111 11111111 111 8. 1, m, 6.
11111161111ΙΙ,16,1.“ 11111111 11 11116111111 1111111
11111111 olea 11116, 6. 111111 11111111 1, 11, 8.
1111111111 1111111111 0. Ι, 1, 11. Alea 111111 ΙΙΙ, 16, 16.
1111111111 111111111111111111611- 111111111 1111111111 1111111 81,

1111 0. l, 1, 16. -1111111 1,11.

11111111 11, A, 11. 11111 1111111- 11111111118111111 1111111111 ne·

llo 1111 Achille 1, 1, 11. 111111111111118.1, 16, 18.

1 111111111111111111 8. ll 1,1. 11111111111 1111111111, 6.
11, 1,11. -111111118.11,1,1. 11111111111111118.1,11,11.

Agere 111111 popolo 8. l, 16, 19. Alienae 1 1111111111 (1. 1,Ι, 11. ’
1111111111111111111111111111 -111 111111111 11111111 0. 1, 6, ¹

11. 1, 11, 11. . 16. Alieno 11111111 1111111

1111111111 11111110.1,11,61 11, 1111111 (1. Ι, 1, 16. 1111111 ’

11, 181 16, 6. 1111111111 0. l, 8,11.
Agrion ε111111111111111111,1,1. 111111111 quomode 11 1111111111
Agre 11111111 1111111118. l, 16, 1111111118.1,11111.,1.

11. 1111111111 11111111 111111 lle-inere

 

