11111111 VERBORUM. 1111

1111111111011111111111111111111 Ι, 111, 13. Anni 1111111 11111111
1111111111 111. 11. 111111Ιί111 11 apud 111111111111111111111111 1111
11111111111111111111111111111,1, 8. 1, 19, 9. Arrun· 111 Aegyp-
61 1, 1. ,111111Ιί1111 111 1111· 1111 11111 111 11111111 Ι11111 11-
ΚίΙοι 111 1111111111 ΙΙΙ, 5, 1111. 11111111 8. Ι, 11, 3. 11111 1111-

111111111111111111 111111 111111 111111 111111 111111111 11 1 1111-

11111111111 1111111111 1111111111. 111 1111111111 S. Ι, 19,11. ·- 1
1111111111 11111111 ΙΙΙ, 5, 1 rqq. 11111111 11 11111 currum 111111111-
,1111111111-Ἱ11111111 G. 1, 9, 1. 1118. Ι, 13, 1 rqq. 1111111 111-1-
Amnum, 1111111111111 C. Ι, 11, 11111111 1111111111 11111111 1111 11-

49. 1111111111111 111111 1111111111, 1111 111111111111111 11111111111 S.
1111 1111111111 1111111111 11111- Ι, 14, 13. 1111111111 1111111111-

1111 (1.1, 19, 11. 0111. 1111111111111.14. 111111 ,1111-

111,
{¹0¹- 11111 1111111111 11 111111111111
11111111 111 111111111111 C. Ι, 14, (1111111111 S. Ι, 19, 9.
8111. 11111 111111 11 111 G. Ama ΙΙΙ, 9, 11.
ΙΙ, 18, 1. Nobi· quomodo 111 ,41111111111,1,11;11,11.
111111 1111111111 1111111111 111, 1. Α1111111111111.1111.
11111 1111111111 111111181118, 111111111 11111 1111111111 11111 8.
1;ο.1,11,11. 1111111111111111- Ι, ’1,90. “
1111111111111111111111111111 ’.111111111εώ1 1111111 11111 11111-
C. Ι, 91, 81. 1111111 111111111ιὶ1- 1111111,111 111 111111111 1111111
11111111181111.1,8; 8,9. Cf C. 8. Ι, 19, 11.
Ι, 1911111111 1111. 1111111111 ’11111111111111111 111 1111111111,
carlertin orfigo 0. Ι, 91, 81; lm 13, 11.
111. 11111111 111111111111118111. Antigonus 111 111 11111 11111111
8,9; 0. ΙΙ, 19,1. ,1111111 11111 Theocritum 111 11111111 11 11
11111111111111111 1111111111 G. Ι, 11111111 1111111 1111, 8, 19.
11, 11. 111111111111111111 1111- ,1111111111 111111111111111111111111111
111111 1111111181111. S, 5. c. 1, Hannibale cavillatione 111111 S.
11, 1. - 111111111111111111111- ΙΙ, 9, 111111. - 1111111111 8. Ι, 10,
1118111.9,9;(Ι.11,11,8. 1111111 10.
«111111111111111111111. Ι,8,11. 11111111110.1,99,111. Cf. (111,
11111111111111111111111111111111 5, 291111. 1111111111 111111
1111111 1111111111 8111. 9, 8, c. Proserpina S. Ι, 91, 8.
ΙΙ, 11,8111. 11111111 1111 1111- 11111111111 1111111111 11111110. Ι,
111111 111 111111 S. ΙΙ, 11,1. 111· (1.4· .
nm 1111111111 11111111 1111111111 Antiquitas 1111111 1111118111.
8. Ι, 1, 19. ,111111 11111111 11, -1111111111111111111110.Ι,11,
9,9 . 19. -·- 1111111111 1111111 quum
Arrun Parrum, 111111 perman S. 1111111 11111111111111118. Ι, 5, 9.
Ι, 19,1; 11, 11, 19. ’ ,11111111 11111 11111111 S. 1, 18, 11.
1111111 11111111 111 111111111111 111111111111 cynicum magistrum
111,9,11. 11111 1111111 laudaverit 1111·
11111111111111111111111,11111 · gener ’11,11, 91. 81111111 1111
S. 1, 11, 811. · 11 01111111 111111 111111 Diogeni·
11111111111111 1111 11111111 111· 1111111 111 1111111.Ι,1,8. 111·
1111111111, 11,11111. - quot tisthenes 11 (1111111 11111 111,
11111111 111111111 11. 11. 111· 1, 111.
111111 1111111111 (1. 11, 111111. ’1111111111 (111 11111. 6, 19.
1111111111118.1,18,19..(111 11111111111 11 111111111111110.

111 111111 111 11111 1111111 S. Ι, 11,11,11.
11, 4. 11111 111111 111 11111 1111111, 1111 promoventur 1111111-

11111. 11. 1111111111111111111111· 11111 [fortunarum 11 11111 11-
111 11111111 111 11111111 1111111 11111118. Ι,98, 18. ·
c. 1, 1,18111. 111111 11111111 ,1111111111111111111511111111111111
1111111, 1111111 1111111 0.]1, 11, 1111111111 111111 1111111111 ΙΙΙ,
11 11.; S. Ι, 11, 1. - 11111 1111- 11, 1³. - 11111111111111 11111
1111111 11 1111111 0. Ι, 11, 88. 11111111111118.Ι,11,1911].

- 111111111 111111 0. Ι, 11, 118. ’.11111111 0. ΙΙ, 5, 118.
Arri 1111111111 111 1111111111 11· 1111111111111111111111111111111-

111 11111111 8. Ι, 8, 10. 1111 111 11 (1111111111 1111111111, 11,
11111111 11111111 1111111111 8. 11111. ·- fug· 1111111111 11-

 

