11111, 11,· INDEX

11111111111111118.1,11,1. funin 11111 111111 111111 1111111
11111111, qun thymi 1111111 111111· 11,11, 11.. (111 1111 ’11111 111
1111111111111111111ζ ι, 1. 1818111111 1111111111.ἔί
’8111111111 fimi Apono V, 18, 11. 11111111 1111111111 111111, 8,]8.
111168111118. 1, 11,11.· 111111111 Mun-run 11111 8. Ι,
11111111111111111111111 11 Λοῇῃίο- 11, 16. 111111Ιί1 11 (1111111 811.

111118.1,18,10. Apud 11111- 1111. 111111. 11111111,11, 111.

11111 111111 11111 111111111118. 111111Ιί1 11111 1111111 1111111111

,11,11. 8.Ι,111, 1111. 11111111118111-
8111111111111111111118. 1,18, 10, 111 1111111 cum 11111111 11111111,

811111111111 111 (1.1, 18,1. -
11111111 11 11111111118. Ι, 11, 18.
- 11111111 11 1111111111 (1. 1.
1111111111 11 diurnum) S. Ι, 18,
8. - 11111111 G. 1,10,18111,
11. -1- 1.1. 1111111111 sigan S. 1,
11,111. - 11111111 S. 1,18,1.
·— 1111111111111, 11111111 Pro-
11111111 S. 1, 11, 1. - 11111111

quia 1111111 11111 11 poculo 111111
1111111111,11, 111. 11111 111111-
11111111 scyphus 11111. 1111111111
111118. Ι, 11118. 111111111111-
1111 1111111111 111111111111 vm.
11111111. 111111Ιὶ1 111111 811111-
111111 111 111111 qm reliqui·
1111111 111, 11, 6. 1111111111, 11·
clamatio, lll, 11111 11, 8.

111110, 11. 11 111111111111111111- 1111111111 111 Angusto 1111111111

111111 11111111 111 G. 1,10,18;

1111111111 8. ΙΙ, 1, 11. v

1111111111111,ἠ 61111. 8.11,1,18. Ἐρμηνευτικὸν 11111111 1111111 G.
11111111. ,11,1. 1, 11, 11.

’11111111111111111111 (1.1, 6,111. - Ἑρμῆς 111111 1111 1111111111 111111·

1111111111 1111111111 111. 18. “ 1111118.1,11,6.

’1111111118 1,10, 10. Hermogenen vn, 1, 18.

81111111 11111111 11111111 1111111- 1111111111111 nuci· 11111111 pn 1111
1111111,11,18, = 1111111118. 1,11, 10.

1111111111, ’1111111111 8. 1, 10, 10. 11111111, populns 1 Pelusi· 11111-

1111111111111 111111, 18,1. - 1111 V, 18, 18.

11111111 11 1111111111 1111 1111111111 1111111111 1111 porcum 11111111 11111
111111110,1,11,18. quam 811111 11111 Augustus 8.

8111111111 11111 111,10,1. 11,1, 11.

111111111111111 1111111118. 1,10, 11111111 111 111 1111111 11111111
⁶3 111, 11, 8. Apud 1111111- 11111111118. ,8, 11.
11111 1111111111 S. 1, 10, 811111. Horremus 111. 01111111.
1111111111 1 1111111111 111111 111 111111111111111118. 1, 6, 18.
1111111 11111. 11111111 11111111- 111111111,1111118.1, 8, 181111,
111 Ἡρακλῆς 111. 10. - 1111 11.
111111111,11’,1. 111111 111111 111111111111118. Ι,8,18.
111111 111. 10. 11111 111 111 11 Ὲ111α, 11111, 8. 1,18, 8.
11111111, 11, 11. Qum! 11111111 111111 111 8.1,11, 10.
11111181311111 1111111111 S. Ι, 811111111111131111111 11111 V,
w„ Geryone 111111 1111 111· 10, 18. ,
1111111 1111111118.1,11,11; 11, 1111 = 111111 8. 11, 1,1.
18. 111 1111111111111111181- 1111111111 signa 8. 1, 11, 10. 1111-
11111111111111111111118.1,1, 1111111 1111111 8. Ι, 11,1. -
11. Pelasgi· 1111 111111 1111· 11111111. 6.
11111111111111111118111111111- 11111111 1111111 0. 1, 1,81). -111-
111111111111111. 8110181, 11, mida 11 11111111 111,1,111. ·-
18. Theroni- 11111 11 fugam 11111111 8118. 11,1, 11. -11-
111111 8. Ι1, 10, 11. - 11111111· 11111 11111111 11111 8. Ι, 11, 4.
1111111811, 1111111111 1111- 811111131111111111.
1111 1111111111 1111118, 111 11,1. 111111111111111 11 1111 311111 Αι-
11111111 11111 11111111 81111111· 1111111111 S. 1, 11, 88.
ΙΙΙ, 1,8. 1113111118111111181- 11111111 qundo 11111111111 8. 1,
1111 111111 11 populent 1111111 11,10. ·
11111111, 1111 111 111111 1111111111 11111111 11 1111111 1111111111 1111111
11111 11111 1111111 11111111 111, 8.1,1,111.
11, 1. 11111111 11111 11111111 11· 11111, praecisum 11111111 11111111-
1111111111111111 1111111111 11. 1. 11111110. ,1,11.

· 81111 11 111111 111111 11111 1111, 11111111 111. 811111.

 

