11111

000 00101101 0. Ι, 10,11. 0100
inmortalitatem ubi docueritPleto
0.1,1,000. 0011000 0001 110-
100010 0000010 virere 0. 1,10,
0 000. 00110 1000 110 1011100110
0010011101 ,1100011110 0001 0. 1,1,
0. Animae 0010 00100010 0001
0000010 0111 1101111001 (1.1, 0, 10.
Ad origini· 0000 001001 011 00-
110 0000000110 0. 11, 11,14. ’10-
10111100 10 0001001 00001101010.
1, 9, 0. 11010100 0 1010 10100
011001 postmortem reddi 00110010
0010000010 S. 1, 10, 10. 001100-
1οι 1111010000 0100000 10 000100.
1,9,1. 1111011100 1111101010 000-
1010 1000110101 ib. 0. ,4011000
000001001 001110000οι 000010 01-
00100101 0. 11, 11,10. Quecdum
0001 10011010 001 0110100010010·
101 001 uliud 001000 quaeruut
0. l, 0, 0. Circo corpu· 00100·
00110000 1000 1000110 0. 1, 10,
10. lle 10 publ. 100010011100001
0010100 0001001 01 beatitudiuem
0001100101 0. 1, 4, 1. 1100100
0001010 0000110111 ib. 1. 100111100
001100 0100101010 101 0000100

00000 00010101 0. 1,1,1. 1100

meriti· remuneratio 001010 001
0.1, 10, 1. 00000010 1011001100-
100 0000101 1000000οο 0.1,10,10.
Per 00100110 mortem 001010 01
rerum 10111 1111011010ιο 0. 1,

11, 01 S. 111,1, 0. Quocum li-

11010 0110. 1, 10, 9. Auium 000
00101010100110110001 etium 1000
0010.11,12, 0 01 11. Eut omui
0000010 11110101 111, 0, 10. Ex
100010 0010. Ι, 14, 1. 01 100001
11, 12 1101101 01100101οι0 ex
1001110 rationem . 1, 14, 1. 110-
0100 0010010 00010 10110000010
delectetur 0. 11, 0, 1000. 000·
0101 01 00100110ιί10 1110010100. 1,
0, 40. 001 10100 110010 0. 11, 10,
000. locor 010110 001 0.1,14,
00. Quomo 0 10 corporee dege-
ucrct 0. 1, 14, 1. Quomodo 010

11. INDEX

quid 0110011001. ib. 14. Hyle·
0010 turbidior culmorum 00100
0000 01011100 0.1,10,11. Oblivio
01 ebrictate ib. 1 tq. lu 1100
1110 purgando 0010111100 0.1,10,
10. Auitum 10 ultimum 101100-
rum recipiuntur 0. l, 0, 10. bu-
1100 0110010 corporo 00010 1000-
10011110. 1, 10, 10. Animae 10-
tidem 01011οι 0001 quot 101100100
0.1, 11, 10. 00100011100001·
0010. 0. 1, o, 1. 0000001010101-
001 111, 0, 11. 110οἰ101 10 0010-
bro ibid. 80000111 subministrat
ib. 4. 10011 00000 000 0001 ib.
1000. l'erum 101000 0001111 0.
1, 0, 10. simplicum 001 001-
1110 001111010 0. l, 0, 9. Quo·
ruodo 0111000ιο ibid. Quomodo
1111010010 0000 011 cuper, 0000
expers 0. 1, 10, 0. Triplex 0100
providentia 111, 0, 00. ,- 01-
10010 rapientia 0. Ι,9, 1. 101-
1111100 1011111ῗ11111οἓ. 13’125’542
0011011 00001 1101000001, 14, lt.
- lubricatur 001 00011110 0. 1, 11,
9 0110 00110100 0011001 0. 1,
14, 0 rqq. 001100 muudi 01000
0.1, 11, 14. Auium 010010οι001
01001010 00110010101000 0. Ι, 0,
10. Er 1000100 0110 001 0. 11,
0,11. Quomodo 01 cx 001100
00100110 1011110010 0110. 1, 0, 40
aq 00111 1111110011τ111 0011101111
01 11101111 numero, intertexta
001 0. 1, 0, 0. Primo 0001000110
11’“1...1ῑ1.”11..’.·1001111
001100 01110101 0. 11, 0,Ί19000.
uuluae 0100111000 origo 0001010
11011100 0001100101 0. l, 0, 41.
13100 10011000. 1, 10, 0.

Anime promente 0. Ι,14,14. -
010 0011110 0110 10110100010 ibid.
- pro 1100110 00110011 111, 0,οι0.

Anima· pouuut (uper) 111 00111010.
11, 0, 10.

001100101οω0010000101011110111· 0010101, corpu· 0010101001 0. 11,

101011010 cingulo· 100100 quoe 10
exercitio 001 1111111010 00010001
0.1, 10, 10 tq. 0011001000 10 001-
000 1101000000 0.1, 10,1 eq. 110
ily-lb 0001010 001 1100 0100100-
101001 001100010 corpu· 100000-

1001 0. 1, 11, 0. Per 00001010 '

1000001001, 001000010000010 10
0001010 0000010111 0. 1, 101000.
lu 000010 0111001000010001100-
0010 0001111. 4. 10 110000 lutu-
000 0001111οο10 000010001010101-
dium 11111. 10 ceteri· 001100010

10, 0. bx corpore 01001100 000-
01111 0. 1, 11, 0. Ex 11101010
0000101 0101000110 vll, 10, 11. 001-
10οΙ10 10010 0. l, ll, 2 Pcct
0011111110.1, 1, 1. 00100111 011·
100 0010100110 001 corpu· 0. 1,
10, 10.λ 1011001 0001010 001 110-
100 0. 1, 0, 0. Auimulium 000-
0000110 S. 1, 0, 0. Quomodo
1001000101 0010101100. 1, 10, 0.
0011110110 0100010 11010100 001
01000 01 reticuit 01001110 01010.
, 11, 10 10. Sole 0001100 'i 01

 

