RERUM ΕΤ 1111101011. 111

111 tundimur 8. 1, 10, 10. 11- 11113111· 8. 1, 10, 1.

11111111 neure 111 11111 111111- 111111111131111118.1,1, 10.

tur 8. Ι,«11, 1. 8111111111111, 111111111111111111111. Ι,
11ι111 131111111111110.1,11, 1111110131. - ·

1. 11111131113111111 potimur 111111111111, 111118.1,11,1111.;

(1.1, 10, 11. , 11,10. Gur dicutur 1111111111

111111, 11111111 111111 8. l, 1, 00. volni 8. 1, 11, 1,,
mur 11111 iu. 1411. 111111 Magn.. 11111 8. 1, 11, 110.

111111111111, 4, 11. . 11111111 1111111111 0. Ι, 0, 0. 111·

'ww-'wil 1111111111 0. 1,· 10, gurgi 111111 3111111 11,1, 111311

301 , 1 e '0

11111111 11101111111111111 8.1,10, 1111111111111111110.1,11,1. -
11. Not. 11111111 iu. 10.

1111111111 8. 1, 14,11 1, 1, 4. 1111111111111111111110.1,0,.1;0,
1111111111 1111111111 8. 1, 10,11.. 00 13111 11, 1, 4.

111. 111. Mutum-3 1111,1,1. 1111111111311111111311 111311118.

11111 Atlanticum 11 maguum 81. 1, 0, 11.

0, 0. -· 1111111111113111 111· 1111111111,0,14;1,0,10.
1111131111111,.11,11113. 11111 1111111111 1111111111 upari 1111111
ll· :Sl-'ttzlzllz'l :iffi 1111.11111111111
111, 1, 4 oq. 1111111118111, 1110111111 1111111111,11,1.
11,1. 1111111 31111111 aiut 11, 11, 8.

111111111111111,10,1. 1111111 11111 unt. 11 8. 1, 1, 0.

1111311111 11 111 1111 111111 11· Maturus 113111111111111,1,10.
poniturque 1111111111 1111111 111111111113111311111111,0,1
111, 11, 10. . “ 113. 11111111111111111111111-

111131111111 Tiberinum 8. 11,·1, 11. 1111111111311111 ib. 11.

11111111 111111 111, 11, 1 111. 1111111111311111110. 1,1, 0. 111-
1111111111111113111113111 111· 1111111111111111 S. 1, 6, Ι1.
11111111 111, 11. 10. ·· 1011Ιί- 11111111111 111111111111111 el 11-
1111 1111111111111111111111 111, rurum 1111131111 11111 311111
11, 10131. -1111111111111111· 111, 11, 9.

1111111. “ 11111111 111 viu. 111. γ

Murmur-nur iuueluriu 1111111111 uu· 111111111011111111 Marrubii 01111-
11111 111 11111 11 113111 11111 111111111111110111111118111111
111, 10,11. 811111111011111 111111 p. xuvrn.

11111111111111,10,1· . 11111110.1,0,1111, = 11111111

11111 1111 plerumque 1111111111 111,,11, 11. ε’11111111,0,1
1111111181, 11,11. 1111111111- 11 101 10, 01 11, 11.
11111111111111111· θ· (Cf- S· l, 1111111 malefica· 11111111 111111 1,
11,1.) ’01111111 1111111111111 11,, u. 11111 1111111111 1111111111-
111, 10, 1. ’11111113111111111 11111111 1111111111 1,1-1, 4. Qui-
8.1,19,1.,111111111111111111- 11111 putaui 11111 1111 Bonum
liu 11111111 ruril 11 Aemilio· 1111118. 1, 11,10.
1113111118.1,10,10. 8111111- 111111111111111118.1,10,0. -·
11111111 riu· 11111 Aonium 11· 11311111111111 11111011111111111
1111111111110.1,11,1. 011111 11 ,1,0. 115,11. -1311111
1111111111111111111118111, 1111111111 libentur 11111111 111,
0. luem 1111111118. Ι, 11, 001 10, 11. 11111111 Apollo S. 1, 11,
111, 1111, -11111111111111- 10. -111111111118.1,10,111.
111111,11,011. 011111111111· Medicina hyriruu philosophisic
111111111111111111131111 111111 11111111 11 111, 1010· 11111-
Muti· ilr. 0. 1111111 1111 iu 1111111111111111111113111118.
Scorpio 0. 1,11, 11. 1111111111 1, 10, 0. ’

1111111 riguum ridiculum 111101 1111111111111 11111111. 1111111. 1, 0;
8.1,11,10. 111111111111111111 11,1.

percurrit 0. 1, 10,11. (01. 11, 11, 1111111111 p. 111, 1111. 0. ,1, 0, 123
1.) 011111111111111411111181. 10, 111 11, 11. ῖ- 1111111111
1,1. 1111111110. 1, 111, 10. 111111 1111111111111111111111111111 0.Ι,0,
11111111111111· 1111 11111
1111111111,11,1. ι’ · 111. 11111. 1, 11, 11. ·

 

