118 . 11. anEx

18 71111111ῑί11 11111111 = 11111 1111111111 111111 hemisphaerio 11.

1111118818. 1. 1111111111111111118.1,18,
7111111111 111111111111, m. 8. -1111111111111111111 mn·
1111 11111111 1111111111 111, 8, 18. 1111 S, 1, 81, 1. 11111111 1111-
1111111111. 10. 1111111 1111111111, 18,88. 11111- ’
111 11111111181, 18, 81. rem 11111111· 1111111 11, 8, 81.
1111 mn, 111111 11111 1111111111· 1111111 11 1111111111 11111 11111

111118. Ι, 10,18. 1111111111 81. 1, 8. 0. 1, 10,8
Velamen figmentorum 0.1, 8, 11. 1111 11,1, 11. 1111111 1111111 0.
111111 1111 placuerit 1111 qna 1,18,4;11,11,1.1111111111-

111111 011111111111111111118.1, 11111 111111111111111111111 111 ,

1, 11. c. 1,11,11; 11, 1111. -11

1111111111 11111111, 8, 10. 11111111 8111111 1111 111. 11. 11· ³

1111111 11111 1111111111 tribuit 11· 111111 111111 11111 11 0. 1, 18, 80

11111111, 11. 111. 1111111 111111 111 1111 ’

11111, 11111111111 111 111111, 0.1,11,8. Quid 1111111101,

1, 88. 1111111111 1111118. 18,11. 11111 111111 1111111111 ἓ

l, 11111, 11. 1111111111· 111, 8, 8.
11111111 11 11111111 1111111111111· 11111111111111111. 11, 1, 10. 1

11 1111111118, 18. 11111111, 11111111111118. 1, 0, ’
7111 edit 1111 patriam 11, Ι, 88. 18.

7111111 111111 0. 1, 18, 88. 11 111· 111 11111111 0 1,(1, 80. - 1111·

1111111. 1. 811. dun 11 humectum 111, 8, 80.
1111111 1111111111 1, 8, 1. 111-1111111 11111111 111, 8, 8.
1111111111 111, 18, 8. 1111111111 == 1111111 8. Ι, 11, 1.
11111 confligente· 1, 18, 14 11. 1111111111 1111111111 tamquam 111111·

111111 111 111 111 1111111111 8. 1, 1111111111 fugiendum 8. 1, 8, 1111.

81, 8. 1111111111111111111111 111111 11111111 11111 1111111111 1111-

tub-tumim 11111. 1111111111 11· 11111111 111, 1,18. 1111111 111·

1118.1,11,.’18. 11111 1111 111 1111111111 111, 8,
1111111111 111, 8, 8. 1 111.

71111111111111, 1114. 1111111111110.1,8,’1. 1111111111
11111111 111 1118111 111, 1, 11. 1111111111, 1,8; 111, 8, 8.

111111 1111111111111 111111 timoren Vergiliae 8111101188. -11111 ’

111, 11, 8. 11111111 111111 111, 8, 111111 1111111111 111. 18.

8. -111111111.7. 11111111- 1111111111 1111111111111, 188.

11111 111, 8, 18. 11111111111111111111118. 1, 81, 8.
11111111 111 111, 80, ’1. 111111 1111, 1111111111 11111111, 11111-
11111 1 1111111 1111 8. 1, 18, 8. 1111111111,80,18.

1111 111111Ιςο111111ῆ1111111 11111. 1111111111 11111 :.·· 01111111 811,

1111111111 1111111 1111 111 1·

111 111. 11. 0111 1111111 11111111 1111111111111111111111 1). 88, 8.

1111111111111.81118111 111· 111111 1 11111111 11 11111111 11

1111111111 11111111 111. 8. 81111· 1111111111 111111 1111111111 1, 8,1

11111111111111111111111111111- 111. 11111111 111111 11111 1111

1111111111 11118. 111111111111 1111111111 1111,11,1111. 111-

1111111 111111111111111 11111 regi- 1111 veterum 1111111 1111 1111111111·

1111 Romani· 111. 18. 1111111111 11, 8, 8.

1111111181 verno 11111111 11 11· 11111111111111111111110.1, 1811.

11111111 11. 18 1111111 11111811 - 1111111111 11111. - 111111111

11. 8. 1111111111 1111111111 111111· 0. l, 88, ’1.

11111111111111111111118. 1, 8, 111111111111 111811 1111111111-

8. 1111111 11111111111111 111111- 1111111 11 11111111 1111111 111, 8,

11111111,17,18. 1111ιί111 1111 8111.

11111111 8. 1, 81, 1. 111111 Vertitur 1111111 11, 1,8111.

1111111 111 11 11111 111, 8, 8. 011· 1111111111 1111 1111111811 1111111,

11111111 «1111, uon 1111 111. 8. 11111111 1111111 1111111111· 0. 1, 18, ³

’1111111111 111. 8. 0111111111111 8. 111111 111111 1111111111 111111

1111111111111111111111,111111- 1111111110.1,8,18. 1111111 3

111111 111 11111 11 1111111 11. 8. 11111111 1111111111 1111110.1,8,
111111 lugam 1111 1111181111 8. 1011.

1,81,8. 8111111111111111111. 1111111111111111111 11,8,18. ‹

8. 11111 11111 18. 0. 11111111 1’11111111111’11,15110·

 

