mmmmmooum. 111

111111 11 comicum 11111111 11 0111111111111111111111111.4,1

11111 1111111111 ΙἸΙ, 8, 11. 111. 11 11, 84.
011111111111111,18,8. «- 11111 011111111111111111,11,1.

111, 89, 8 01111 1111111111110.1 6, 8. - 11·
cothurno 11111111 11,1, 18. 111111111 porrectio 0. 1, 6, 91 ΙΙ,
0111111111 opo· 111,11,18 8, 14. Primi 11111 0. 1, 6, 811
Cotonium 11111111 111, 19, 8. 0111- 18.

111 11111 1111111 111,11, 18. 011111111111111111111111111 61111 ,

0111181, 1, 4. ΙΙΙ, 80, 1. 0111111111111 pirum
011111 81111111 8. Ι, 84, 18. ΙΙΙ, 19, 6.
11. 011111111111111, 11111111 grc- 0111111 cubiculari· S. ΙΙ, 4, 11.
111, 111 1111111111, 1111111111 11· 0111111111 1111 111, 80, 8.
111111, 18, 811. 0111111111111111 ΙἸΙ, 6, 18.
01111111111111 111111 11111118. ΙΙ, 0111111 8. 1, 11, 81.
1,6. 0111111,111111181111111 01111 nutricum 0. 1, 8, 8.
111111111 111 111, 14, 18. 111. 611111111111111111111111,1,88.
1111111111. 01111111Ι 1111111111 0. 1, 8, 18.
01111111· 1118. Ι, 8, 161180. 0111111111 descriptio 11111 81111-
01111111111111 1111111111101111111 nom 81, 1, 8. Ι
11 1111111110. Ι, 18, 8. 01111111 0111161111111111111110.1,6,48.
111111 11 steina V, 18, 19. Coroneum 1111111111 S. 11, 1, 18.
01111101111111 8. Ι, 1, 8. ’-- 1111111111, 18, 1.
0111111111111111 secie. 111, 6, 8. 0111111 1111 11111161 111, 14, 8.
011111111 mortuorum corporo 1111 01111 111111 81111111 8. 1, 9, 16.
111, 1, 8. 011111,11111111111111 111 8.1,8,1.
01111111 8. 1,.16, 88. ’ 01111111111111,1,41. ·
&opstantibus 1111111 1111111 111· cornorum certamen V, 1, 4.
111111,4,1. 0111111 111118111111 11 11111-
01111111 11.1111111111111111111 11· 111 01111111 1111111 ΙΙ, 4, 88.
11111 enm 11111111 common· 0. 01111111111111111,18,8.
Ι,14,11. 01111111 1161111111 01111111111111,6,18111.
1112ξὶ111 111111191111111 0111111111111111 ⁷’ ²⁹· '⁰
1111111111 0.1, 14, 18. 0111111161 011111111111 111,11.
11111111111111111111111 111. 10. cybele 111. 111111 111111.
0111111111 111111 16111111111 cylicranorum 11111 1111τὴ1 11111-
111110. 1, 19, 88. 01111116111 ⁴ome 61111 V, 81, 18.
1111111 11111111111111 1116111 cymbalorum 11 Paruum 11111111
11111111 0.,1,6,18. 8. Ι, 18,8.
011110.1,1,8. -111111111111- 01111111111111,1111111111111
1111 111,11, 86. V, 81, 1 111.
01ἔ1111111 Alc 1111111111 111111 0ῃῆἷί 1111111 1111111111 1111111
011111 1111161161 1111111111 mou 01111111111118111111118.1,80,
011111 ’1111111111111 1116111 cc· 0111111111111111618111111 rem
1111111 111, 10, 8. (111111111111118. 1, 1, 88.
critobulo· 1 8111111 11 1111111- 0111111 muln 1111611116, 18.
1111111 1111111 11111111111111,8,
11 Ι 1111111 11 11111611 11111 11111-
011111111811111111111111 11111111 11111 Vl, 9, 6. 811111 11111111
1111111, 11111611 11111 11111111 1111161111111611111118. 1, 9, 8.
1111111111 8. 1, 11, 18 11. 11111111 01111 111,11. ·- 111111
Croto upum 1111111111, 18, 8. 11116.

01111611111111111111 1111 11111111 ⁰⁸⁰m⁰⁰0⁸ ”¹¹⁶⁰ ’101111ῑῖ ¹· ¹, 2³,
111111, , 1. 011 comm 11111111111111

cmm „omum menium nel· 1111111 11111111111111111111111

Phocum 0. 1, 8, 8. 11111 11111111 minfgfflffiqbgzuuffitss:

⁸·,¹’¹¹’²· 111,11.
010111111119· 117131· Damasippo· Ciceroni· 1111111111
(1111111 gumano· 111, 14, 4. 0111 1111111 8. 11. 8, 8.
1111111111111111111. 1 11. 1111111111 111. Voti·

11. 44

 

