111 “ ιι. 11111

1111111111 111118. mun. bibe· 111111111 111111111 ΙΙΙ, 18, 1 11.
1111111 1111 1 pontificibus ugu- 111111111181111111111111111 1111-
nium 11111111111111111118.1,1, mu 8.11,1,11.

18. 8111111111 1111111 11111111, 1111111111 figmenti· 111111111 ei·
111 111111111111111. 111111 1,1ι, 8.

1111111 111111 111111 1111111111 11 1111111 11111 S. 1, 1, 8. ·- 1111 S.

11111111 11 1111111 8. 1, 18, 11. 1,1,18.
111111 111 11 8111111 8.1,18,1111. hictum 1 Τ11111 111111111 1111111111
-11111 11 111 11 111111 1111111- 8. 1, 8, 1.
111111111 111. 1 uq. 11 18. 011 11111111111111111111111111111111111.
1111111111111111111.18. 1111111- Ligna 1111111111 111111 1111111111,
11111 11111111 111 111111 1111- 18,18. Quinum 1111 11111111
1111111 111. 8. 111111 1111111111 11 111111 111. 88. 8111111111 igni·
11111111 111. 1. 1111111111111111. 1111111111 111. 88.
22. 1111111111111118.1,18, Lifum‘iur iupuu Tiberium 111111
11111. ,1111811111111111111111 11,18,11.
eiu· 11111111111111 111111, 111 11131111, 111111111111111 11111-
111111, insigne 111. 8. - 11111- 1111111 1111111111 8. Ι, 18,1.
rum 1111111111. 1. - rimu· 1111111 1111111111.
111111 triumphi 11111. hym 1111111 1111111111 111111 Auium
11111 1¹11, 1‚'22 811111111 8.1,11,18.
111111 111 8. 1, 18, 11. 111- 111111 1 punctu 11111111 0. Ι, 8,
11111 1111 11111 11 811111111 18, 12, 8. - 11 1111111 1111111
111111 11111. 1111111 111111, ruiis 11111111 1111111 11111111 0181,
111111, 11 0111111111 111111 indi: 18. - 11131 1111111 1111011,
1111111 1111111111111111111 11 11,· 1, 8. 11111111111 11111111 0. Ι,
1111111111111111111111110. 1,18, 8, 1 11 11. 1111111 1111111111
12. i'iui 111111111. 8. 1, 111, 2. terminari 111. 1. 11111111 (1111111
11111 poculum 1111111111 v, 11, 111111 1111111111 muudi 1811.
, 11. 1111111 011111 c. 1, 111, 8. 11 111111 11111 111 111111111
11111 1111111118. 11, 8, 8. 111 111. 11.

11111111 11111 111 signaculi 111· 1111111 1111111 quum 0111111111
11111111’11,11,11. 11111111 1. 11, 1, 11. 1111131111

hiberorum 11111118. 1111111, 1. (1111111 0111111111 1111111111.

Libertini· praetextu 111 111 1111- 1111111.

1111,111 11111111111111 111118. 1, 1111111111 111111110. 1, 8, 88.
11111111. 8111111111111111111 01111111115118,1,10,18. .
111111111111111111. 111. 1111111111 8111111111 11111111, 1, 18.

11 aeramentum 1111118. Ι, 11, 1111111111μί1111,8,1.

811111. » 811111111111111111111111111188.

1111111 1131111110. 1, 18, 111 18, 18 [1111111111 1111 1111111111111 1112
1118ς 8. 1, 21, 18. 11111111· 1. (01. 11118.) 011111μ18ω1
iiimiiinfi 1111111111ἶὲ miiiffbfi, 1,1
11. Pur· 111 81111111 0. 1,18, 1111111111111111111111111,1, 11.
18ς8.1, 12, 11.11 11, 811. 0111111111111111111111 0. 1, 8,

81111110. Ι, 28, 1. 111. [1111111111 11111111 111 11- ,

Liby· 11111111 11111 1111110. 11, 1111111111111111 11. 8, 8. 111.
1, 111. 111 bitumum 1111 1111111111 1
Libyen 8. 1, 11, 81. Ammonem 1111111111 1111111 0. 11, 18, 8. ¹
11111111111 111111 111111111111. Hilernum 11111111 0. 1,1u‚2
1, 21, 19. 111111111111111,111,11. -
111111111111 11118. Ι, 11, 11. litteratores 8. 1, 24, 1111111 vi,

11111111 111 1 1, 11, 1111. 1, 1.

0111111 virgo 11111111 1111111111- 111111111111113118111111’1,8,11111.
1111 1111111 8. 1, 18, 8. ,1111 111111111111111111111111111111111
11111111 11111111 interfuit 11111· 11111111 8. 11, 8, 8.
tuli 11111111111111111,13, 11. 11111111 11111111, 111, 1.

1111111111 1111 111, 20, 8. Livius vid. Pontumiuu.

Licinii 011111 1111111111 11111111 111, 11111111111111111118.1,8, 18.

11, 15. 11111111 11111111 111111 Lucu· misericordium 1111111 11, 8,
111,11,.1. 0110111111 11111- 81111, 1, Htw 8,1. hei
1111111111 11 11111111111111, uie 1111111111111111 111 11¹, 8, Ι.

 

