1111111 m 1111011111. 111

1111111111 0111111111 S. 1,1, 111111111111111(11.1111) 11. l, 1,

11. 1 - ingenii 111111111111,
111111111ιὶ1 0. l, 11, 11. 0,4.

11111111 111111111111111111,1, 11111 nollo 11111 11111111 0. 11,

11. 16,11. 11111111 oquae 111111
111111111 11111111111 11 1111111111 1111111111, monologion llll,

11111 11111111 S. Ι, 11,11 oqq‘ 1, 11.

1111111111 1111111111110.11, l, 11. hrota· 111111 11111 0.,1,11, 11.
11611110. 1, 11, 1. 11111111 11111 1111111 31111111111 11 11111111

111, 11, 11. 11111111111111111111111111110.
111111111111110111111Λ. 1,6,11. 11111111 1111111111 11.
lignulo· 0. Ι, 1, 41111; 11, 10, 11.

11. · 1111111111 11111 11 11111 G. l, 1,
Figuratum 11111111 defendunt 1 6111.

111111111111111110,1,1, 111. Fi· Fortitudo 1111111111 11113111 (1.1,

111·1.1·1.·“ῗ·1ῗ·11.”11,11.1 2131111ὲῖ1111111111ἓῖ

1111111111 11. 1. ligone ooo Fortitudo 11111111 1111111111111,

111111111111111111111111111 Ι,6. 1,6. -· 111111111111111,11,6.
1131111111 morou· 111, 1, 1. - musculorum 111,9,1. ·- 1111
llll· 1111111111111111111311111 V, 111, 6, 11.

1,11. Fortuita (loonio, 1111111111. 1,
11Ι11, 11111 1111111 111, 10, 1. 11, 14.

1111111111 = 1111111 1111111. 1111111 111 111 11 11111111 11-

11111. Ι, 8 oqq. gleoto 1,16,,1. ··· 1111111111
111111 moino 111 111, 8, 14.’ 1 Virgilio 11111, 11 111116111111
1111111111 ,111111 11111 1111111111 11, 111111111 loll. Fortunarum 11-

4,11. ’ 111111111111111111111 S. Ι, 11,
1113111111 montio 1111111, 11, 1. 11. 1111111 molo 111111111111111
11111111 lovi· Heliopolilooi S. Ι, molo indignationem 11111111,1,

111, 11. 11 1111111111 111· 6; 4, 11. 1.11,1,5111.1161.

111111 111111 ,11, 11.’ 111111 ingoni 1111111111111111111
11111111111111111 S. 1,·11, 11. S. 11, 4,1. - 11111111 111, 6,
1111111111, 11111111 11111111 oo· 10.

dimi, 111111111118. 1,11,1. 1111111111111,111,6.

- 11111111 11111111 lovi 1111- 111ςί11111111111111 G. l, 111.

lom 1111111111 11. 11. . 111111111111111,1,’1.
Flffinooaoqu 1111111 1111111111 1111111111 oppidum 11111111 111, 1,
notui, 111 liquidior 11 111111111, 1111111111τί iidem 1,11, 1.

11, 11. 111111111111111111111 11, 6, 18.
111111111 p. 1111 oq. Frequcnlollvo 111111 1111111111 11.
(io. 1111111 111111 111111 11 111· 11, 1.

oium notitiam 1111111111, 111. 111311, frisi ll. 6, 14.

11. 1111111 111111 11 1111111111 11131111111111111111111111111111

1111 11111111 (1111111 S. 1,14,1. do 1111 1111111111 (1.11, 16, 6.
1111111111111118.1,4,11. 111- 111111111111,11,11.“

1111111,1111 1111111111 11111111 111311 11 11111 11111111111 111,

11111. 1 141. v -
11111111 111111 opud l'iogiliom V, 1111111·υωῖ 111 11111111111111111111.

1, 11 1, 11.

1111 11111 11111111 111, 11, 11. 1111111111 11111111 11, 6, 8.
11111111, u, 1 11 10. 111111 primo ponponium 0.1,1,1.
111111, ulmal, 111, 11,1. 11111111 11111 111 1111 nopotem
1111111111 1111 111,1,1. - 1111 1111111111 frigidi 111, 6, 111.
111, 11, 111. 1111111111 11 frugum ropoolor

111111111111111110.1,1110111, 811111111.1,1,111111. - ·

11. . Frumentum 1111111111 1111 ogei·
1111110.1,11,141111;11,1. (1111111111,16,11 Frumento
111111 loton 11 1111111 1111 1111 1111111111 1111131111 111,

Virgilium 1,1, 11. 11, 19. ’
1111111111 111111 domniono· (i. 11 111111111111 11. 1, 1, 1.

1,1, 111111. 11311111 111111111111 11111 “

 

