181

Bruttio 11 mugen vn, 8, 0.

1111111ε1111110. 1, 18, 01 11,
10121,ος 8. V, 10, 10.

amna· ει 11111111 0. 1, 0, 011
11, 10111 11, 8,10. 1111111111
81111111 V, 1, 8.

111ιέ1191 mim 111111 111111 11181,

11111111111111 8. 1, 11, 0.

1111111 1 1111111111 11111 8. Ι, 11,

81111111 solstitium 11111. .

11. Bruti 11111181111111 S. ΙΙ, 1, 0.
811111111111 0111111111 11111011
111, w, 8. 01. 8. 1, 11, m. ·

111101 (11111) 1111111 111, 18, 8.

111111 11111 1111111111111111111·
11118. 1, 0,8. 01111 111111
11111111 111111. 10111.

8111111111 111, 01111111111111011

,11,1.

11111111 111 1 11111111 111111 111

1111111111111, 8, ⁰3 vl, 1, 8.

01111 V, 11, 18.

01111111 1111111111 1111111 111
11111101 1111111111 1111 nigni-
8111 ,1,18, 10111. .

αξξῆᾙὲἶΰᾘῖῧῖ

, .

0111111111 1111111111 1111111111 11,

11111111111 111,11, 0. 11. 011·
iim in 0011111111 11111111.
,1, n. ·

0111111 11111111 p. 11111 11.

01111111111111 11 111111111111111
11111111 0. l, 11, 8. - 1111111
11111111 ibid. tinnienti· nicenii
centron 1111101, 10,11. Bina
dimetro· 11 nunna· 111. 1811.
011111111 1111111111 1111011111-
1111111 1111111 0.11,1,1811. οισι
1111111111 1111111· 1111111111 0.
11, 1, 1 1111 1011. 1111. Bonum
1111111111 0. ΙΙ, 1, 11111. 111-
11111 111111 111 11111 namn-ia
0.11,1,1111.1 1,18111.1 8,
1 11 ,ΙΙ-1111111 111111111111-

10 1 11111

01111 11111111 1111111 11111110. 1,
114. - 111111111111111111111
1111111111 1111111111 0. l, 10,
111 11,11. - 111111 11111111·
11111110. 1,11,8111. - 111111
1111 in 11111111 11111111 0. 1,
18,1. 011 1111111 1111111111 11
11111111 0. 1, 11,1111. 8111·
111 11111111 111. 10. 01111 111-
1111111 11. 11. 0111111, 1 111
11111111101, i), 11. 11111
1111 11111111 1111111 11 18. 8
111. 111111111111 111111 111111

11. INDEX

0. 1,11, 10. 0111 11111111 111
1111111111 8. 1,11, 0. 0111111
1111111111 11111111 0. 11,1,1.
Prima 1111 11111111 1111111111
1111 11111111 vocetur 0. 11, 1,
811101, 11, ¹⁰3 11, 11. Eut
11111111 11111111 0. l, 11, 10. -
vinnnnm regin 0. Ι , 3, 8. Vere
11111111 11111110. 1, 10, 8. 01.
0.11,11,1818.1,9,1Ι;18,15.
1111 1111111 11111111,,111111 1111-
persequitur. 0.1, 11, 11. Pri-
mum omnium 11111 111111 111111-
1111111 111111 111. 8. inveni 11-
11111 1111111111 uelum 111. 11.
011 11 quomodo 11111111 1111
1111111111. 11. 1111111111 111-
11111 11181, 18,18. Quibusnam
11111 11 praemium 0. 1, 18,1.
Non 1111111111111 1111111111111
11111111 111. 10. 011111111111111-
111 1111111111 1111111 1111111111
1111101, 11911118. 8111111
11111 1111111111111111 8.Ι.,11111.,

01ὃ1111111111 1 8111111 1111111
. ,1, .

011111 11111111 1111111111 8.1,11,

01111 1111111110, 10, 0.

011111111111111111111 11 1111
111 8.1,11,11. P. 111111-
11111, 11181111 1111111 11111111
nnn quingenti· 1111111111 11111
8. 11,1,1. [11011111111111
11111111 111111 111111111111111.
111. 1111. 01111111 1111111111 111
1111111111 111111 8. 11,0,1011.1
vn, 0, 8. 01111111 1111111 11
1111811, 8, 8. 11111111 11111-
1111 1111111 8. ΙΙ, 8, 0. -11-
111 1111111 8. 11, 11, 8. 11111-
nuntiam 1111111111 11 1111111
1111111 8. 1, 11,1. Aegyption
1111111111 111 111. 8. 11 18, 80. ···
111111 1111 1111 1111111 8. 1,
11, 8. 1111 omnen 111111 notuit
ib. 11. 0111111111 1111 1111111
11118. 1, 10, ’1. Ab 1181111111
18811818888

. , , .
11 Lentuli 11111111, 18, 11. 011-
1111111 111111111111111111-
1111111 11, 18, 10.
vin. An 11111 11111111.
0111111111 111, 8, 8.
0111111111ι Annene 11111111 1111111111
ηπ

⁰·‚¹;¹’‘⁸ eun 1. 1111111 n

011111 111111 8. 1, 18, 10.
0111111111 Apollini· 11111111111111

 

