RERUM ET VERBORUM. 101

01111111 8.11, 0, 0. 8111111 cupitum 111, 10, 0.
8111111 1 portem 11111111111111111. Syene 1111111 11111 1111111 tropico
Ι, 11, 10. 1111111111 C. 11, 7, 1ος 0, 0.
810111111111118.1,11,17. synna 1111111 11 81111111 11111111-
0100111118.1,01,11. tum 111· Cornelio Ruiu 1111111111
8111111111 principaii· (111111) 1). 1118. Ι, 17,07. 11811111111111
01, 0. 111111111111111111,11,10. ΕΙ
8111111 111, 10, 10. 111111111111 11111111 10. 10. Syi-
811111111 promotione continuatur 111 1111111 Functus S. 11, 0, 9.
vn, 10, 11. Sylla 0111111111 1111111111 111-
81111111111111111111 111, 10,1. 11111 11111 praecinctum S. 11, 0, 9.
811111 1111111 11 unguinum vn, 1, Syllana 111 1111111111 ΙΙΙ, 17, 11.
19. 811111111111111 1111111119 8111111111 11111111181111111111,19,
1 . 171.
81ἓὲ111111111111 G. 1, 10, 0. 8911111111 8. 1, 7, ia 01, 11.
Q. 8111111111 11 1111111 11111111 8111111111 (Aurei. 0111111111)
011111 1111111118. 1, 10, 00. 0111111111111 1111111111 p. 11111.
8111111111 1111111 0. 1, 00, 10. - (Qu. 11111Ιί11) 111111.
81111111 111, 10, 1ος 10, 18. 8111111111αοί S. ΙΙ, 1, 00.
smum viri 0. Ι, 0, 10. Symphoniae 1111111111 1111111111-
Samnitum G. 1, 0, 00 1100100, 1111111 111 11111111 (1. Ι, 0, 10.
111100. -1111111111111 -11111 8111111111111.11,1,01.
11111. Συνουσία 8. 11, 0, 10.
811111111111111111 11111111 1111 Σύνθεσις D. 0, 011.
0. Ι, 0, 111 11, 10. 81111111 synon-anorum 111111111 11.10,0,
1111 111 1111111 1111111 0. 1, 818111 Ι(111111111111111111111111111)
simitu-iiio iuge· 111, 17, 0 ei 10 lviv-sivi πἐρισπωμένων 111111 1110,
1110. 0. Σιιζυγ11111111111111111,9,00.
81111111 1111111111 8. 1, 111111. 0
Super 11111 = prope vn, 10, 00. ’1111111111 1111111111 8. 1, 0,’ 9. 111-
81111111111111οΛ, 11,0. 1111 11311111 11111 1111111111
‘supercilium = gurim 811, 1, 0; 11111111 111 111, 17, 0.
0, 10. 111111111111, 1.1. 1111111111 111,
8111111111 terminari 11111111 1111- 0, 00.
11110.1,0, 0. 8111111111 in· Τ1111111’11,9,10. 1111111 111111
1111111111 11 11111111111111111111 111111111001.
111. 0. 8111101111111111111111 Τ1γ10110.1,0,11111111111.
111 111 1111111111 proptor 1111- 00011.
foetum 111111111111 111. 10. Est Tum .. utque S. Ι, 10, 0. Tum,
primu incorporea 11111111 pout 11111111111111111, 10,7.
1111111311 ⁶·- 0111111111 1101..11111111113111ο.
11111 corpori· accipit 1111111111 1, 0, 00. Tangam 1111111 qui
1111111111 111. 0. 01111111111111 01111111111110.1,11,11. Gi.
G. 1, 0, 00. Quid 11111111 μο- 111,9, 10. Tangere 1111111 11,1,
1111111 G. 11, 0, 0. 8111101111 10. ·
teme quum 1101111111 (1.1, 00, Τ11111111111111111 significet 0. Ι,
0. = 11111 vn, 0, 0. 10, 10.
Su 111111τ1111111111118.11,1,00. Τ1111111111111 (terentina) 111, 10,
i. 11111. 0, 0. 10. Τ1111111111(111·111.1111111011.
Superi 111111 11, 1111111· 111 G. 1, Γ11111ιί11111 111111 pirum 111, 19,
3, 63 10,7. 0. Τ1111111111 agur 1111 1111
81111111 1111111111, 11, 10. 11111111111, 10, 10.
8111111111111111118. 11, 1, 10. Tarentum 111· 111 11111111 11111111·
811111101111111111110. Ι, 0, 0. 111111 ΙΙΙ, 10, 10.
811111111111111111118. 1, 0, 11. Tarquinius, 1111111111 Corinthii
81111111 111111 1111111111110. 11, 0, 1111111, Priscu· 111111111111111 11111111
00. Sursum 111ρί1111 111, 10, 1111111111111111111111181,0,
31. 0 0111111111111111111111111111-
81111111151111 111111 11111111 8. 1, 11111111 11111. 81111111111111111-
12, 2⁰. · 118111111111111111111111ΙΙΙ,1,11.
8111111111. 11 G. 11, 0, 00. ia. Tarquinius 111 111111118111111

11. 47

 

