1111 11. mm

66161 661 111,10,1. 1166166 1661 16161161611616161611611.19,111.

66666666166 8. 1,1(1,16. 16611 Rumam} 116 111,1 16.

166166 666161666 1161 8. 1,·16, 1616166661 616 11. 1 .

16. 1661611661116.1111,116111 11 661666 mata 111, 16, 4.

661 116666 116611. 11, 1116616· 111161 1111.

6166 66611616,1166166616166611· 11666116 8. 1, 1, 18.

6116 166166 8. 1, 111,111. 16611 1166161161 86116161 19,12.

6666666116 apud Virgilium 1, 18, 11616616166166166 81, 11, 19. .

38. 16616166611. 69. 1116661 161666, 86166666 8. 1, 8, 6. Κρο-

61 1611661166 16666611116 1, 1, 666 661 Χρόνος 11. 6121, 8.

16. 16116 6161666 1616116666 161ὖῖ660.1,6,961.611,2,1611.

0.1,11,8. 661611116636611 11. 016161.

c.1, 11, 14. 16616 616111 166· .

166166 66616 6611666666 61161611 1661166166 16166166666 666 66661116

(1.1, 19,8;11,11,1. 11111161- 8.1,11,18. '

gor 666 611 1666161166 1666166666 1661116616 6661661 corpu· 111, 9, 8.

61111616616 0. 1, 19, 19 eq. 16· 16611166 66616 .. 61166 11, 1,11.

616116 116111 1616 1666 666666, 16· 16616666 166160.1,111,18 aq.

6161666 por 6166666666666663- Imbrum 6661111111.

ς66161660.1,11,26. 81 1111- 16666666166166661111,6,6. ι

2666136166 gpgjnobae (11.Ι Egon, 16ιᾶ 6161616016 61661669 borguntnffiffi
. 6666166 666666. . 666. 1 -

’ 1666116616666118. 1, 1116. 66666611166’611661166 116116 611-
16661661,19,11. 6666160.1,11,1. Quantum 66-
16616 aequore 6616666661, m 16661 166116 6666611, 11, 16 sqq. cn·

11, 8, 8. ‚ 6111666611111. 18. 166 66666·
16611 1166 8. 1, 18, 16. [murvinum 16116666 1166616666·
16611116 161661 1666 purgati 0. 1, 8, 16 Ι. 1, 12,16. 166 6116611161 8.

9. - 66666161161611. 111. - po- ,11,411 1666 nigri 666161 11,8,

111161 111. 16611116 666661 661· 9. 16616616616666611166111,11,6.

11111111’,1111111111 111121111111111611 1101

61616660. Ι,1,4. 1166111116 611· ino 6116 11666161116 6661616611

1161666661666 661 6666116 pom ⁸

6616616 66666166 (1.1, 1, 1. 11116 666 66666616611 0166666666 Ι. 1,

1666161 666 terminantem 166- 11, 84. 116161666161 61 66666·

66166, 11. 6. 61 0. 1, 8, 9. 16111- 16116 116666 61 perpeti 6116666661

1166 6666661166 (1.1, 1, 4. - 61· 6166666616611161666111,8,11. ’

1161666 (1.1, 8, 4. 11166 66666 16666616666661166616166111,16,1.

pectoribus 6 1111666 1616611166 16616166116366)16616668.11,8,9. 1

0.1,1,4. 8116 10661116616616 16161666 61666166 0. 1,1,6. -616·

166661161666110.1,1,6. 06· 616 01, 16,166]6.; 18 1. - 1

16666166 66666666 16611116 1666· 1661666666 1666161116660.1,16,1.

1666 16116666ἰοί6 0..1,6,11. 0611 611 666661616 11666166666

1611661. f. 8119. - 1666161616 philosophorum 6661661166 11. 8 ,

6611666 agnum S. 1, 11, 11. 661. 86161 6661166166 661666111 A
166666Ν61.610.11,6,16. 11. 1. 111661. p. 811. oblique
161666111, 1, 26. 6611666166 1616666611 0. 1, 11, 1.
1666616 0.1,8 16. ’6616661666- 111161666616611616166611.16.

11166 666661 11, 11, 4. 16661161 8. 1, 1, 1.
¹⁸5¹· 66666616. 66 6. m, 66. Ληαροι vem· 6, 66, ι 66. 666
1666116 6616 qnid significet 0, 1, 11116 pingui· 661116616 1, 1, 16. 1

111, 11. [agon 666 111, w, 1.

1666116 pronum 66166 666116 116-
116166166 6616116166 6161 8. 1, 16, 66661166666 61116666118. 11,2,11.

11161. — 6661116 6666166116 16· Δ6111661666666616611,8,7. 1

11616166 11. 11. - 666661 166661 1616366611 166661 116 11, 1, 8.

1166116 11. 18 aq. 619, 16. Pri· 16616661116116 .1,111,11.

1616 116166111 666 61166116 1161 1666661161 (11666661 66666 pm 1666

66611666 S. 1, 18, 18. 8. 1, 8, 111. 1616666161 16111161

11616616ιί6 1666 8.1, 16, 18. · 111, 18, 8. 116661666116661111,
m„ s. 6, 66, 666 66, ⁶. ’

6 11. 866666 66166 6611666 6161

Καρνεῖος Apollo 8. 1, 11, 1816666 16616 1, 11189. f

 

