110 1. ,1111111 ’

11111111 1111111111 11111111
11,1,11.. - 11 1111111110111
11111·111,0,1. -111111111-
1111111 1111 1111111111 1111111111-
11111111 1111 1111111111 11111

om. 1, 10, 01 Nn· 111 Bt 01-
1111 1111111 11 11111111 poeula
11111. 111111 uini 11 1111111
11111111 11111111 1111111111 111 Α.

11,1,1. 1111111 w„ 11 (111111 11 111111. 111. 01. 111111.

11111111111111111111 ,10,10, 11 011. 1111111.1’11,11.“ Adi.

1111111111. 01111111111111- 11111111, 1000. 11111111. 000.

11111111.1111Ιι1.11, 11. 1111 1, 11. 1111111 augur. S. Ι,0, 10.

11110. 1111111. 1011. 1.,111·1111111,0,0. 111111111111.
1111111 11111, 11111 11 111 eon· 1111111111 111111111111 1111111111

111111.111,1,Ιο. 8111111111111, 11111111.

1111111111111111111111. 11111111. 1111111111.

11111 in ’0111111111 1’1,1, 10., 11111111. 111. 111111.

· 1111111111111111111111111111111. Lm„ 1,, flam ,1 ,·,, Am..

K¹⁰¹¹⁸⁰¹⁸= Μ· *11 d· ΡΜ· Ρ· 11111111 01, 1, 10. 1111111 111111
1111. 11 0111111111· 1111. 1111.

1111111111 111111111111111111 ,

1111. p. 100. 111111 1111111111 111-

Andronicum. 1111111. Ι, p. 110 ’

11. 1111111. 11. 101 11.

1111101111111011111, ⁴¹⁸ *1*Ιο 1111111 11111111. 11, 501. 0. ΙΙ, 1,

111. 011. Philipp. H, 1, ΙΙ.
1111111111, 0111111 111111 111 11111

111111 1111111111 11111111 111 1111-
111111 1031111111111111... Ams-

m'oruu 11111 8. 1,10,00. 01.
Ρ1111111. vl, 10, 00. p. 110. Ρ.

.1111111.11,1.1111. -· 1111111
111111, 11 11111111111111111 11-
1111 11111111, 11 1111110111111-
111111111111 8. 1, 10, 10.

111111 1111111111 11 ,111111 8.1,
1,1. 111111 11111111111111111
11111111 8. 1, 10, 0. 11 10, 00.
Fuit 11111111 1111111111. 01. 1111111.
1111161111111 11 ungens.

111111 01111111 ’1111111111111151111
11111 antemium 1111111111. . 1,

10.

11111111, acer ,11 1111111111 111111

111,10, 11. - 1111111111 1111-
f'm 1111111 11111 (hb. 111111.

. 11.) vl, 0, 11. 1111111111-
111 11 1111111111 011111111’1111
s· Ι, ⁶0 ¹⁰2 cr· ΙΙ, Ι, ⁰· '¹' ὅ·
1111111 11, 1, 10. - 11 tertio
Satirarum 11. ². 8. 1, 0, 0.
[111. 11. 11. 1.] 111, 10,10. - 111
111111 11. 21. 11, 1,10. [1111. 11.
11.] 111 1111. 0,1. -11 11111
nm 11. 10. 8. 1, 1, ’1. - 111
⁹'“.·T.‘⁰1.·.‘.‘.‘⁵3'.⁰.·..‘.‘’.1.⁶..².Y¹f. 41 8²
1, 0,1. -11111111111111111,
1. v1, 1,13. 11. 1111111. 111. m,
11,1. m. 11. 11, 1.

11, 00. 11111. 1111111111 0111- neuun 11 111111[1.1.]11,1,

11111111, 1. 1. Gracchorum 11111111,

111 quo 111. 111111. 11, p. 29.

111111. de 11. cincii· 1100111.

Merkel. 11 0111. Fut. 11. mv.

1.. 1111111111. comment. 11 111.

’ (1111111111111111110001111.

1111111111 1, 11. 111, 10, 0.

111111 magnino 11 111111 11111
111, 10, 1. 1111111. 1. p. 111111.
1111111 11111 1111 1111111111 11
11111111 1111111111 11111111111111.
01. 01111111, p. 011 11.

vu. 0111111111.

mmm 1111111 1111111111 11111
1111111111 8. 11, 1, 0, ·- 1 011-
1111 11 fine 11111111 111111 nmo
1111111111 (1111 responderit 0111-
1111) s. 11,1, 10. 02 111,1,1.
··· 1111111 11 0111111111 11111111 8.
ΙΙ, 0, 0. - 1111111111 (111111 P.
Syro 1111111111) 8. ΙΙ, 1,1. - 11
1111111111. 1, 11. 0111111111 11
ΙΙ, 0, 01 „Poeta 111111, 111111,
11 1111111, qni 111111 1111111,

10 1.11111.11,1,10. 1. m
11. 111. 10. 1. m] vl, 1, U. 1.
011111.1’,0,0. -1111111
11111111 v. 11111. 11,1,1. [1.
11.] 11, 1, 11. v. m. 11, 1, 11.
1. 001. 11. 00. v. 111. 11. 01. 1.
111* 11. 00. 1. 11111. 111,1,0.
1. 111 11.111,0,1. 1. 100111.
11,0,0. 1.111*11.1’1,1,1. 1.
10111. 11,1,11. [1. mh] 111
1111. 0, 0. - 11111111 1. 10111.
11111. [1. 1013] 111 11111. 0,
1. 1. 1001. 1’1,1,11. 1. 1011.
11,1,10. - 11111111 1. 1011,
¹2²⁹· mom. ’1,1,11. -11

111111 1. 11. 11,1,11. 1. m ’

111. 11, 0, 00. 1101111111,
10, 1. 111111* 11111. 1. 111
111. 11 111. 11. 01. 1. 01111. vl,
1,01. 1. m* 1101. 1. 1101

1111· 11301101
01111. Vl, 1, 1. [1. 11111113] 11,
0, 0. [1111111111. 11. [1.

 

