070

17,,.6670 6,,66716
6.666166,111,11,,66 6.11.77666
7,76,676. 67.70661716,
61,1,677717’,6,..766777
666.111,6,6, 66766671
6,,7716,.,,,667776266,
61666.17,6,,6 6.1666,11,,6
6.,.,,.666617271
176166.Ι,,761717,,.6776,
6666.,,-17,69 ΙΙ,6.76.
7,,.7777 61,,,.6677776,7-
Ι11,1666677,6,177. 6,66.
71,1,,66 6,7171171,,6,16-
17,16,,,,7071676, 6,6666.
111,,,716.166,71,,..1616
6617, ’7,,,706661.7,,.766
71.6,16166,171,,1.6166,77,
7,6,.116.67666.,,71666
666 77 666 6666677,
4,4.l 6,166666,,,.776,67
7166,,,.17610 6,1666.,77
7,4.- 711,6...,.61116171
Β16676.6,..’,,,16.677166
7.66.,1716,.16-7Ι1Ι.16.
66.1166617·77..6,6 6667,
76,,76777,,.767 6.,6666
7116,60,·1Ι1Χ,16.71666.11,
6,1711,66676 .77,6,,16.6
6766,,,714111- Χ.16,.7166
71,,..,,612.66277176.6
66171.,14667111.
(766761,16,.6668.,,.11666
6,..,661126,..667666.8.
1,,11666.617,,,.166677
71,1,..77166616,,,.71676,
74.,VI'5,..4.’,47644470,
24. 6..666667,1,11, 6,
760666,,,760116661, 6.176
66,,.716676.6776*66.7,
6,6. ’(6,’..,,767)677676.’6
716,,,,*7167 6,77766,.,01
76,16. 66. 76761766 660
1,176,,666 6..,.766*7Ι6,76
7666659*.718,11, 7,266.
117,7,61,1617771,’,.676 6,,777
8.11,1,16,,Ι66711717,.16.6
7776176 77 67111677
6,766.7’,,76,6 6.6761.’,776,
6.,,,,,6666111111676 v.
667,,;.1*77766 61767.,,776
10, 7.6161,11,,.1119 7.15061,
71, 7, 66.·- ΙΙ, v. 61)*

7. mmlx 411070171771.

667, 77, 6, a 6, 6661176

’6, (6.1661666 ,77, 76,,6 6,

667666,,7Ι11611,,61.66167.7’,1
6,,11,..,,166676011676.6
66666, 71,,,7661 6766 71
7,,60 6.61701,,.66776,76-
111. 6,666. 77, 7,6, 6, 66,
71,6,,.,66.67666716,11
v. 76666· 7, 76 7 v. 777.
7,,,766 6.171,76666 7Ι,2,
7616168666. 6717716
61. 6776 66 7166677776 1166
6,,,776176,70. 6,7661,.71
2,6, 6.7716,77,,.66.6676,
61,,..1117717769767396
7,616,616..,,.6667766 6.
616666.,116,,1’66111,,.67
v. 667, 17, 4, 116, 6666 666
17,1,·,66 6100666, 71,.6,10
6,1.606666 77,,,66 6,666
666,1’1,,276. 1617066671,
6,,77 61617666.,,.77766 6,
66666 71,,,616 6,666
77,,11μ-676117,6.166617;’.1)Ξ
71,1,6 666 7166
771.7,6,707,1711,11,70.11161
77666, 717,6,176. 6176677,
6,.16 6,677.7,,.76766
716, 7,17, 76, 66. 767. 61
766. 771, 6, 176. v. 776 6667
17,,17161.,,,667766, 6,
66066, 7, 67,,1 6, 667
6667, 77,116, 66666617

·6,,.1.’,,.6666777176061

67777, 6,6 6.676171,7

16. 6,606, lm, 12 6,.1071
17,6,,16 6167711667, 6.
671.17,6,16, 7.,677176
16. 6. 16761666. 17, 6, 66, 6.
676, 717, 6, 6. 6. 66717, 716. 6. v.
6661766. v. 767166.

humum& ,7767776 Maeotia m

v,19‚ 770. tau 77711676). (71. 776771-
171676. 17. 6,

16.-66666766 617676 animm 6666 776·
666676667666667777 (7.1, 16, w.

116 7766 matonis 6766116761 776,
11766,177767·1.11,6.

167666 76617617666 S. 4, 6, 6,
(do 6776). 67766,67777716677766,
ignotus..

1666666666 dixit minen 66666676

76,’7, 66766777 67677 667676666660·,61667766

7.166.71,,.616 7,,16971,76

wag 16666611,6.

6, v. 777. 111,16,6 v. 766 1666667677776776676 aucmentu-
1116171161,1171611110,16.1111;71171 116111161111117111 11171611 17161611, 711171,
16,6, 6676 716666 1.160776.11(77,,1716.

—————-——-

 

