1111111111 Et· VERBORUM.

1111111 8. Ι, 8, 11.

mmm· 11111 11111 1111 1111·
1111111111, 11, 1.

11111 111 1111181111, 8. 81111·
1111111111 111,1, 11. ·- 1111111
11111 1111. 11111 11111 111111-
1111111111. 11111. 8. Ι, 11, t.

11111111 111111118. Ι, 11111 ΙΙΙ,
11, ιι.

11111 111111111111 11111111 111111
11111 ΙΙΙ, 111, 111.

1111111111 1111 111 111111111111
11, 11, 11 111. restitut-a 111111-
111111110.Ι,8,1. -11111111·
1110.1,11,1.

111111111 1111111111 1111111, 11
1111 1111111 8. ΙΙ,1,11.

1111111, 11 nen 1111111 11111·

1111 §.t ,4, 111. 1111111 Pe-
1111111 11111111111 8. Ι, 11, 24.
1111111 1111111111111. 1111111.
111. 8.1,1,1.

Vetus 1111 11 1111 111 11,1,11.
1111111 proprio 11111 111111111-
111111111 11, 1, 1.

11111111 11111111 ΙΙΙ, 111. 1111-
111111 1111111111111111118131,19.

Vento 1111 11 1111 11111111 111
11, 1, 4 11 1 111.

1111111111 11111 1111111 nomn· 111
1111 puttam 8. Ι, 11, 11.

1111111111 uppettntte S. Ι, 1, 1.

1111111111 1, 111.

1111111111 111111 11, 1, 9.

11111111 8. ΙΙ, 111. ruant ΙΙΙ,

11111 11111 1111110. Ι, 11, 11.

11111111111111 111111 1111111111
111110. 11, 1111.

111111 1111111111 ΙΙΙ, t, 11 111.

1111111111 1111111111 1111111 8. l,
11,(11. Victorino coronavero 111-
1111110. 1, 1, 11.

111111 primorum 1111111111 111111
111111 0. ΙΙ, 111.

1111111 11111111, 11, 111 .

11111111 1111 11111111110.1,1,
11. Videtur -ι 11111111,1, 111
11,1; 111, t, ις 11 11; 11, 1.

11111 1111 111111118. Ι, 11,Ἰ1.
111111 11 1111111111 111111 111-
111 11111 1111111111 111111 S. Ι,

1191111111111111 111111 ΙΙ, 8, 11

1111.

Vt 1111111 111 a 1111111111 111111

11111111 11, 8, 1.

1111111 1111 0. Ι,11, 111. 01. vn,

1111111111 111111 111111111 111111-
11118. 1,11, 11.

’ 1111111111 11111111 111111 11111 1111

¹· 111111111 8. Ι,1, 11.

111

1111111 8. 1,1,1. 11111111111111
1111 1111111. 1.

111111111, 1111110. Ι, 11, 1.

Vindunitta· 11111111 111, 1, 11.

1111111111 11111 11111 11 111111 11-
111111 1, 11, 1.

1111111111 1 ant· 111111111 111·
11111111 8. Ι, 11, 11.

Vinum 1 11111111 1111 1111 11111-
111 ΙΙ ,11, 11. 1111111111111
11111, 1111 1111111111111111,
1, 11. 0111 1111 111111111111111
1111111111 111111, 11, ⁹ 11. 011,
11 111 1111111 111111111111 11-
111111111, 11 1111111 1111111-
11111 11. 11 11. 011 11 toti!
1111111111 111 optimu 11. 11.
(1111111111111 magt· 11111111
11 111111 11111111 111. t. 1111 11-
111 111 11111 11111. 0111111111111
11111111111111111111 11 111 11-
11111 111111111111.11. 1111111111
11““1’1311.11*.1““1111
12111111111111 tt 11·.
1111111111 1111 11 11111111 111
11 conceptionem 1111111111. 8.
Somnus 1111111111111 11. 1. 811·
macho 11111 1111111111 11. t.
— 11111111 111111111.1.11·
1111 1111111 1111 111111 11111111-
111111 ingeritur 11. 1. 1111 111
11 Aegypto 11111111111111, 8, 1
111. 1111111 11111111111111 111,
11, 11. 01111 1111 11 11111111
1111111111 11111118. Ι, 1111. 1111
1111111111 8. ΙΙ, 8, 1. 1111111111
1111 1111111111 11. 1. 1111111
11111111111 111111 111 11. t 11·
111 1111 11111111 1111111111 11
111. 1111 1111111 1111111111111
8. Ι, 19,1. cm· 1111111 olm
1111111 1111111111 111, 11, 18.
1111 11111111 1111111111 1111111-
1111 ΙΙΙ, 111, 1. 11111111 Bonae
11111 1111111111 111 111 1111111
{salvum 111, 111 11111111111111

1111111111 11111111111, 11, 11. -
1111811, 8, 1.

Vitiatur π- 111111111118. ΙΙ, 1, tt.

1111111111 ι11111111111111 1111111.

111 = 11111111 811, 8, 1111 t, 8.
111 1111 -11111111,1,1. 111
com 111111 1111111111 11111. 11-
111111 1111111111 1111111111 111111-
111111 1111111811, 11. 11-
11111111111111111 111, 1, 11111.
'Vbios 111111111111111111111111 S.
, t, 9.

 

