RERUM ΕΤ VERBORUM. 108

111111111111110.1,18,88. 11111111 111111111111111111.
11111111,16,10. 1111111 1111111111 primm 1111111111

11111111,16,18. 1,»111111 11, 88, 8. Romanum 11111111 11111111 11111
lm· pn 11111 V Ι, 1881111. 111111 1111111111 ,1111111111 81,

1111, qm 1111111 1111111111, 1111111 18, 81. 11111111 11111 quomodo
111,8,8. 1111111111’1,6,0. 11111111111118.1,1,88.

1111111111 1111111111 111 11111111 111, 1111111 11111111 11111 1111111 111811,
8,1. 18, 1111180111.

1111111111, 1181111111111.1111.11. 1111111111111111118.1,11120. ·-
11,11;1111111.1,1. 111111111- 111111 atquo 1110. l, 11, ¹⁵3
1111011111.10,10. 8. 1,11, 14. -1111111111 cum

1111 V, 8, 11 18, 1. , 111111 111, 4, 8. - 111111 11111

1111111 111,8,411. 111118. 1, 18, 80. 8111111111111.

11111111 1111 11311111 1111111111 111 18. 011111 1111111111 11 11111111
vn, 8, 11 q. ’ 1111111111. 111111111111111111111

111111111111111 1111111111 11111118. 1111111111 1111111 11111111 8.1,18,
1,80,18. -11111111 111 11111111 80. -01111111111111ι8.1,11,
1111111111.18;81,11. 0111111111- 80. Populum 111, 11, 6. 0111
111 1111111111 11111 1111111 11111· 111111111111 111111 11111111 0.
11118.1,80,18. Ι, 11, 18. obstitit [11111111 S. 1,

111111111111111. 11,88. 1111111111 1111111111 11111111

111111 0. Ι, 1, 81 8. 1,1,18. 0111 V, 11,8. Eut 11111 1111 Penates

11111 111 1111111111 S. Ι, 8,18. 111, 4, 8. 11115111111111111111 “

11111 regno 111111 11111111 8. Ι, 111. 10. specio 111111Ρ11111 111-
1,18. 11111111 1111111 11,18,11. 11111-
111111111111. l, 11, 81. 111 11 Veneri· iurgium V, 18, 88.
1111111111,11,8. 1111 11111 11111 11, 8. 8. -11111
111111111111111111 111111111111 111 1111111111 ,8,18. 01111 1111111111
0. 1, w, 18. conqueratur 11 111111 111, 1, 4.
norm 111111 111. 1. 111. 8. Ι, 1, 81. 1111111111 1111111111 1111111111 1111111
11111111 1,8,18. 1111111111111 1111· 11111118.1,18,88.
111111 0. 1, 18, 8. , 1111111111 11111118. Ι, 8,18 ⁸43 18,
1111111,11111111111111111111118. 11, 18. - 11111111 8. 1, 18, 80.
8, 11. 1111111111 1111111 11111110.Ι,11,14;
m· ’1111111 1111 qni 111 Romani· 81,18,18. niu· 111111111311111
111118. 1,18, 14. -11111111111· 11111111, 1. 1. 11 1111111111 111111-
1111111. 1111111118.,1,11,10. 1111111111
1111111 11111111 0. Ι, 81, 14. pro 1111111 11111111 111, 4, 8. 11·
111111111111111, 80, 8. 1111111111 111111 8.1,81, 181
1111111111 111 Tib. (11111111 111, 11, 88, 8. luppiter 11111 1111111111
81111111. 8.1,88,1.111. 1111111111111111
1111111111 11111111 11111111111111 0. 1111111111. 1111111111111111111111
1,1,1. 11 1111111111 (1.11, 10,11. 1111111
1 1111111 conpetenti· 11111111 Ad· 1111111 111, 1111 181111111111-
111. 11. 814. 1111111111 111 110111111118. Ι,
115111111111111, 11, 2 15, 14. Apud theologo· luppiter
11ςὶ fluore vn, 14, 4. 111 1111111 11111110.1,11 14. 111-
Ιιξὲιιιὶ 1111,11111111111 ginno 111, ssa· 11111118. Ιὲιοὶῑθ, 111Ιίι (ἐίιὰ 11111
1. 1111 111111 1.
11 1111 1111111111 G. 1, 8,1. 1, 18, ,11.ι Ζεὺς Ἡλιοπολίτης 8.
11811 11111111111 8. 1, 11, 11. 1,88,10.Ἐί111 111111111111111111.
81111111111111111118.11,8,8111. 18. - 1111111111 111. 18. 1111111

1111111 011111111111118. 1, 18, 84. 01111ΰί111 111111111111111111111·

- 111111 11111111111118.1,14, 1111 ,18, 88. 111111 81111111
81111. delubrum ΙΙΙ, 4, 8. 111 love
11. 1111110111111111111111, 18,11. principium 0. 1, 11, 14. 11111111
111Ιί111 11111111 1111111011111111111- 11 1111111 11111111 8. 1, 18, 88.
1111 8. 1, 18, 84. 11111 1111 1,11, 88. 11111 11
1111111 11,8, 8. 11111111 1111111111 V, 8, 5. 11111
111111 Tertia, 81111111 11111, 011111 111111ΙΙ,18,8. luppiter 1111111111
11118.11,8,8. 11111111 1111 1111111111 111, 8, 4.
111111111111111 1111 1111111111 1111111 nst 11111 1111Ρ111111 ΙΙΙ, 4, 8.

11111 8. 1, 18, 88. · Τ1111 1111111 11111 11 1111111111

11. 15

 

