692

11111 111 111111111 mini-n 11111
1111111111 (1. 1,11, 1111. -111111
1111111111 absolvitur 0. Ι, 111, 110.
11111111111111111 11 (1111111, 111-
111111111 11 (1111111111 8. 1. 11,
61. 111111111111 8.1,8, 111. ‘Eius
1111111 111. 11111. 11111 11 1111-
111111 1111111111 11111 S. 1, 16,11
111. 11111 1111 S. 1. 111111 16. 11.
qni 11 1111111111 8. Ι, 11, nt.
111111, 11111111, intercisi 11. 111111.
11111, munitium-imi, 111111111-
1111, 1111111111 111. 11111. 11-

111111111 111. 11. 111111111111111.

111111111111 S. 1, 11, 9 11111.
Δ111ἰ11’1;;111111111 1111111 111 G.

11. INDEX

1,101 11, 18. 1111111111111 n
111111 1111111 1111111 G. 1, 11, 8.
1111 11111 111, 9, 111. - 11111
1111111111 V, 16, 18.

Ate 1ιᾶ manin symphonia 11 1111-
111111 1111111, 1111111111 tanin
1111111 G. ΙΙ, 1, 211.

11111111111111111 1. 111. 111. 111,
1,11.

[1111111111 11, 1, 11.

111ὁωῖ1111 ι- 1111111111. non 11

. ,11,11

111111111111 11111111111 1111111111,
1, 1 ’

1111111111 0. Ι, 1118.

1111111111 (1.1, 21, 8.

1111111111111 1111111111 11111 1111-

1111111111 111111 11111111 11 1111 1111111111 1. 111. 111. vn, 8,

1111181, 11, 11.

181 6, 1³.

11111111111 1111111111 111111111111 11 11111111111111 S. 1, 11111, 8.

1111111111 0. 1, 11, 11.
Differri = 1111111111 111, 11, 11.
Dignitinnn = 11111111111 11. 181 1,

nimiu ..11 1111, 11.

8111111111 111111 (1111111 111111111-

1111121141121111111. 1, in

11111111111111.

81111111111 1111111111 111, 1, 1111111.

θ’ἓιῗῖ ‘xiim-'tidini‘ iii.
111111131, ’1111111111
“fh 111111τῖ11 11111 11111111
11111 111111 1, 111, 11111.

111· 11,11111118.1,.11,11.

111 11111111, 1111 11111111111 8.1,

minnizin 111111 11111111 111 111-
1111 0. 1, 8, 811 11, 1, 11.

1111111111 (111 111111111111111 11111-
iigenium) 11, 8, 11.

Diogenen 01111111 1111111 11111111·

” 111118. 1, 11,11118. 11111
11111 8. Ι, 1, 8. 11 Antisthenen
11111111 1111, 1, nt. '

1111111111 811111 11 11111111 11-

mi'issi't'fif'ifit} n‘i,¹it.⁸‘¹'nto-

11111111111111ν ’8111111191 11111111 C. 1,

Am {30- quiin! 8. 1, te, ln

..111111111118

1111111111 111, 11, 11; 11, 11.

1111, monti· 1111 0. 1, 111, 111; 11,
i. 811111111 1111111111 Pitin-
111111 111. 1. 11111 11111111 111111

11111111111111111118. 11 1, 11.
11111Ιί1111 = 111 1111111811, 1, 1.
11111111 1111 1111111111 11. 118· Ι
0111111111 = 111111111, 11811111
11111 111, 18, tn. tit. 111.
11111111111 C. 1,1,11.
0111111111- nolim 111, 8, 2³.
Dinnnnnnntn 1111111111 V, 1, 18.
Fit 111111111 11 11111111 S. 1,
11111, 8. '
1111111111 11111 0. 1, 8,1.
1111111111 11111111 11 1111111 1111111-
111 8. 1, 11111, 1.
111111111111111111111 11. 1, 18, 1.
Dinn 1111111 V, 11,111.
1111111111 1. 1111. 111. 111, 11, 11
11 111 11, 11. ¹
11111111 circumspiciunt 11, 1, 11.
811111 11111111 c. 1, 11. 111 1“11,11,
ῗοτ 011111. = 811 s· l, nn ¹3
111ἑ111911111 1111 11111 1111111 C. 1,
, Ι ι
11111111 ,11111 111111 tantan· 11111, ¹
1,11. ,
1111111111 (1. 1, 8, 1. i
11111111 Ρ1111111 11111 1111111111 ,
nimii? 1181111111 :3302 11, 1, n
111111111111111111111111, 11, 11. i
11111111 111111 111, 11, Ι. t
11111111111111 111 1111111111 1111· i
uoglzt'taflsnganotufflu', 111, 1, 211.

1111ιό111111 1111111111 11111 81, ¹2

11111111 111111 111111111 1111181.

Η. 11. -11111111 1111111 11-
111111111 ib. 11. - 1111111111
C.l‚21,2'›.

11111111118.1,1,81. -1111111 111111111111111111111.1,111,8
1111111111 111111 1111. 11 11, 1111111111ιί 1111111111 111,1, 11.

18. - 111111111 11111111 8. 1,

1111111111 1111111111 0111111 11·

 

