’111 11.’ INDEX
11. 9. - 1111111111 1111111111 1111111111111 11 1111111111.

1111111111. 10. 111.’ 11111.

m 1111111111 1111111111 .1,1,8Ι.

1111111111 111 9..(11111 111111 11-
11111111 1111111111 111 11. 10.

11111111111111 1111111111 1111111 (111111 11 globum 111111111111
111111111111,111111111111111111 111111 111 1111111111 11. 1, 18,

11. 19, lr.
111111 11111 11,1,1.
mamam 1111111111, 1, 18.
11111111 11111111 1111 G. 11 , 11 , 11.
-11111111 .1, 1, 81 8. Ι, 1, 1.
Moralem 1, l, 11.

Morborum 111111111, 1, 11 1180.
111111 11111111111 1118. 1, 11, 9.
1111111111 11111111111 1111111111 111

1111
11111111

1 111.

1111111 111 111111 11. 11, 11, 25.

1111111 1111111 dupliciter 111111-
11111.11,18,8. 1111111111-
1111 11 111111 11. 11, 16, 18.
111111 1111 111111 1111111111
1111111111 11. 9. 11, 88. 0111-
1111 1111111111 111111111111111,
...1111 1.
1.1,·11’.·......1.1..,’.. ’

11111111111111111111111111111111111 Mox 1111111 ι· 11111111 11111111 111

11. 1, 18,1. 11111111111111

111 111 1111111111111.
11111 1111111111 111 11111111. 1, 18,

111, 8, 8. 111. Non.

111111 malivolentia 111111 111111-

1111111111. 8. ΙΙ, 1, 8. Q. 111-

6. -111 11111111 1111111 11- 1111 1111111111111 8. 1, 8, 9.
11111 11. 0119. 111111111111 1111111111 11111111 1111111 11111

11.1,10,1111.;11,1. -111-
1111110.111,1111,1 -111-

1111111111 ..1111111111 111111111-
111 111,1, 1.

11111111111111111.1, 11,1. - 111111111111111111 111111111111

111111111 (1.1, 11111118. -· 111
11111111 11111. 19. «- 1111111·
1111111111 1111111111. 10. -
11.·11““.1“11.1·..’ἔ“..111ἑ“.’..1.
111. 1111. Morte 111111111 111-
mm 11111 1111111111111111. 11.
1111111 1111 111 1111111 1111 G. 1,
ι11’

Moru· figurata, (111111 1111111

1111

111111Ιί1181 11 111111 1111111111

111111111, 18, 11.

111111111111111111111 11 11111-

11111 11111 1111111111. 1111111,
no} 1.111111111,8,811. 1111111 1.
1111111. 1181, 8, 101 1. 11111.

111111111 1111111111 1111 1111111
111111111,1,11118. (11111-
111111 1111111 11111 11 111111111-
1111 111. 11111. Frigida 1111
11. 1111. 118111. - 1111111111
11. 8119. 11111 111111 1111111
111111 11 11111111 111. 811811, 11.
11111 1111111 111 1111111 11 1111
1111111111 111, 1, 10. - 11111111
11111111 11. 1. (11111111 111111
111 111111 11. 1 119. 111, 11.
11111161, 111111111ᾟ113111111111111
’11, 1, 18. 1111111 quomodo
1111111118. 1, 8, 1. 811111 1111-
11111 1111111111 1111111111 111118.
1,18,18. Munere· 81111111
“ 11111111 ut 1111111 1111111111
.1, 181.

11111 ox 111111111111 11111111 1111111 1111111 11111111 1111111111

1111 1111111111 11. 11, 111, 1111.
111111111111111111111 (1. Ι, 8, 811

1111111111, 18, 9. 8111 111111
1 1 .

111, 9, 8. 111111111111 (1.11, 111111111111111111111111111, 11,

11, 10111. 111111 11 1111111111
0. 11118111. 1111 1111111111

8. 111111 (111111 111111111, 11, 9.
-· 11 11111111 111. 10.

11 111111 11111111 111 11. 11, 11, 1111111111111111,18,10.

111. 111111 1111111 1111111111- 1111111υεί 111118. 11, 1. 8.

1111 11111 1111111111 11. 11, 16, 111111111111111111111111. 1,·8, 8.
811. -11111111111 111111 G. 11111111111111111111111111 111111·

11, 11, 1111111. - 111 1111811.

111 1, 16, 8.

11 11111 11111 1111111 1111 111· 1111111 1111111111 111, 118.
ι111111111 1111 0. 11, 11, 18. 1111111111111111111111111111111-

11111111111 111111 111111111 0.
11, 18, 123 11,11118. 111111

notio Aristotelio· 0. 11, 11, 1

111111 1111111111 1111111111, 11,
111.

1111111 11111111 11111. 11, 11118. 1111111111 11111111 1111111 11. 1, 18,

111. 1111111111111111111111-
1111 G. 1, -11, 8. - 11 11111

1. 111111 111111 11, 111, 8111
8111 1111111111 11111 11111

1, 11, 8. 111111111 11111 11. 11,

 

