111 ΙΙ. INDEX.

1111.1,14,1. -11111111 0. 11111111. 011111111111.
Ι, 11, 9.» -1111110, Ι, 8,11; 811111111 1. 11. 11111111 1111
11,(1111, 11. -11111111110, 1. 11.

1, 11, 18. [111111111111111111- 1111111, 1111111111 11111111 11111-

11111 montumano 81. 8,1. - 1111 8. ΙΙ, 1, 11.

111 1111111111 1111111 11111 11· 1111111 111111 (11111) ΙΙΙ, 18, 8.

11111111 1111111111. Ι, 11, 1111. 11111111118. Ι, ΙΙ. ⁶.-

11111111111111111111111111111 11111111 11111 G. ΙΙ, 1, 111.
Ἰ1Μόιιιιὲῃέιιι 11111111 0111111111 11113113111111111111111111. ΙἸΙ,

c.1, 11,1111. 111111 111111 111811111. :poue-inm

1111111111 11111111 Ι“ΙΙ, 18, 18. 111, 18,1(1.

1111111 (1.1, 1,]8. 11111111111111111 111111 11111111
1111111111 8. Ι, 11, 8. 11111111 111111111118. Ι, 11,“ 1.
111 11 ’111 1111 111 1111111, 11111 111111 1111118. Ι, 11, 11.

11, 11,111. Quid significet 1111 1111111111111111. Ι, 8, 1.

1 1

11111111 11111’1111 111111 111111 111111111111111111111 G.1.lo‚2qq.

11 11111111 1111 ΙΙΙ, 111, 11111. 11 8 w. - 11111 11. Ι, 11, 11.
11111111εοὶ11111111111,8,1. 111111 ,1,11.

11111111 1111111111 1111111111 11111· 11111, 1111111ίί 1111118. Ι, 11, 18.

111111 1118. Ι, 18, 8. -11111111 1111. Monte 11111
1111111111 1111 8. Ι, 11181. 11 11111111111 1 11111111 11111-
buum 11111 111111, 18. 111111. 18. 111 1111111111111111.
1111111111111 Ι, 11,“18. 19. 1111111111. 1111. 1111111111
1111 111111· 11111 11111 1111111118. 111 111 1111111 111111 11111 11.

Ι, 11, 81. 11111111111111 111· 81.

1111111110. Ι, 1, 88. 11111111- 11111111 1111111 11118. Ι, 11, 18.“

1111111 11111111. Ι, 11, 11. 111 1111111111 11111 11111111 11111111

1111111111 0. Ι, 1, 8. 111 1111- G. Ι, 1,1.

111111 11, 1, 18. - 11111111 11111111111, 111111 1³. 11.
11111111111111111011111111111111- 1 Romulo 11111111111 8. Ι, 11,

1111“.1’11ἷ11’11ἔ.1111’1; 1113211111. ’11611

8, 81. 011111111111111111 11- 111111 1111111 1111111 undo 1111-

1111111 111 11111111111111 11. 11181, 1118111.

11111. 111111111111111 11111111111111111
1111111111118.Ι,11,81. · 1111111111111111111.11.
1111111 [1111111111 V, 1, 1111. 11111111111111 1111111 11, 4, 11.
1111111111 1118111, 81 1111. Maiiam moecharum 8. ΙΙ, 1, 11.
Amyn& Apollo 11. 88. 11111 == 1111111111 8. Ι, 11111.,1.
1111111 ,4,18. 11111111111111118, ΙΙ, 1, 18. -
nyctos] 11118. Ι, 11, 81. 1111111 111, 1.

11. 81. 1111111111 lmen 1, 14, 8,
111111111111 ’1111111111 1111111 11. 111111 = 11111 0.Ι,11,1111.

4⁰: ⁸ 1111Ιί11,111111111111111118.1 18,
dimi “tastu“ 11111 1 mn gtuvig. :aab Ρ11Μ1ΙΙῗὶ1111110111111
11111111111111 1111, 11, 8. 1111 111 1111111 8. ΙΙ, 811111, wm-

11111111111111111111111111111 1111111111 1111 finem 1111111’11111

1111111 11111111. 111, 1, 9. -111111111111
[ayn 111111111 1111111 1111111111 1111111 1 1111 11111111 11111111

111111111111181 11, 18. ΙΙΙ, 18, Ι. 1111111111 11111 11.

1111. 11111 1111111 1 Ι, 1, 18.
laenam 111111 1111111 11, 4, 11111111 1111111 11111111, 1, 111.

11. 11111111Ιί1 111111 1111111111 111·

1111111111 1111111, 11111111, 11111, 111 0. Ι, 8, 89.

11111111111111.111.Ι. 1111111 111111111111111,8,1811,1.
1111111111. ΙΙ. Platonicorum 11- 11111111111111111118.Ι,1,11

11111111111111111111111111 .
ιι. 8111111111 111111111111111 111118.Ι,11,84.
1111. 1111111111 1111111111 ot 11111 8. Ι,8, 18. 111 flum-

 

11. -111 1111 11. 18. k· ¹

