me

8,1,6,666,8,,168. 6,.666
81,,..66661618816

661,“81,8, 186676 811
88. 666166 818,18, 6
76666,,,818,18,6,’160666,
-8,,-,.76.676118,,,.6186
m.anmvm.V,mu.
wmvnm(mmv,
18,,.,,,.18,66718168-81
6.6,8,,18,8 6.66.8,,,166
6,8666111,8,.8 6.66,116
66111.,78. 6,6766.1,,818,
6,6866111,,.8116,6666,
81,6,8, 6,116666.18,,88
666, 6,116,111,1,6. 6.161.*
8,16, 8,6.166,,816,,8.6
167. 81, 8, 8. 6, 179 sqq. 81,
8,,871166668.7,.8 6..166
81,,686.116,8,,,,766
116 66 111, 1,.11 6161666
8,7,.18 (v 1116666188,
16, 6,18666111,8,8, 6
878818118,818,8,11
8.6,176,8,,7116,167,8,
16,,8 6,6611,18,8,,6 6..686
18 1,16 (6 6666 6.,)81,
16. 6.68666,18,11,18, 6.
666666. 8, 7, 18. 6. 666* sqq.
81,6,18,6,617,1,,8886.
666, 18,8, 16. (v. 6666668),
8,.16’,’,6670666 18,1,1,
66671888 616666,
18,1 1,,66.81866.,,81888,
6.811,8,818 6,,8166618,
8, 16. vv. 886 66 618168,

1,8,,11 6,.,,8180118,18,’

6, 81666.8,8,8, 6. 661666,
81818, 6,,16866, 18, 6,,18
6, 868666, 8, 7, 16, 686766,
18,6,16. (666.,6101, 16,
18. 660166 18,6, 18. v.
61166,18,.,6 11, 6,616,18,
6,.18 66116618,,.,6116
611.111866.6111.11,,6
8 6618666 8, 7, 18. 6,
mqwmns'vwmv
17,1,86..,,,,68866601118
6687111, 8, 18. v. 666 C
186 (6676161118, 8,16,
v.wwquvsvw4w
1,65,66.71661716,11,1,16,
uwvmclubvm:
01,M1vaclu.
8113111111 11 8,8886,
116 66611,8,18,6,668*6,6 8,
666’Μ6666
898,οι ¹, 3,fl···V¹'· 'n ⁹·
1“Ι, 6, 7. ·6, 16 666, 8, 18, 7.
(mmwvwnuvm
666.,,881. 6.,,86661111,
,666818166666

' 116 6661 8, 16. 6, 116.111,1,
8. 6.176.81,8,11, 616766

81,18, 6.1.,,67666888.
6,,,16666181,8, 66160666.)
8178, (6,166.,)88,18.
6.161,81,6,81.6.168.-81,
8,,8 (6166181786168
666.,18 8,8616666. 6168.
81,1,811. 6,86666618,,88,
v.mwmvnm'n,⁶.
6, 661666 8, 11,88, (6, 676
sqq)V‚ 17, 8. 6, 81066. 81,

.1,,18 6.816666.8,,,188(1

6Μω6Ν666ωτΝ8
8. 6 866 118,1 666166

111, 8, 8666, (v, 616 ·quae
818, (6,,,61618 17,8. 66183
81,1,86 6.68666.11,1,68.
(6, 661 666.) 8,8, 18, v. 666.
ωᾼηωωω
8111, 818, 881, 108, m. 744.
786, 8, 18,18. (v. 688 666.)
8,16,6. 6. 666 sqq. 8, 18, 18

’ ⁸44· v. 666 sqq. 8,8,8, v.

781,8,18,8, 6,78666,18,,8
n.v’wwmwmv
766 661118, 18, 4. 6, 768666,
11886 6.666,11,6,16,
v· 766 sqq. V, 18, 111, mos

,666,,,866,- -,..8ΙΙΙ671

Ὴ,Η6Μωηω66
6.,,,96811876.61,81,

- 1,81, 6.181166,81,1,18, v.

187 66, 8,16,18. 617866.
111, 8, 18, 6, 161, 81, 8, 7. v.
161666.8,8,8, 616688
8,,(6 168 66618 16, 186

8,16,1·1,,6188,8,,168.
mmmmssmvnm,
mlvmsnnna
8. 6, 168 sq. ΙΙ,18,1. v.
wmssmmnmst
8, 18. 6. 811 sq. 811, 8, 18,
θωω6666ω8
1, 7, 88, 666166. 111,8,8,
(6, 876 666.) 8, 8, 18, 6, 6118.
11,1,16,16, v. 688 sqq· 8,8,
66666666
18,6,16, 6. 666 sqq. V, 8, 8.
8. 861 sq. V, 11, 18, 6, 866
666, 8, 8, 111. 6. 666. 81,1,
88, v. 667666. 111, 8,8, 6.
61166688,11, 6,616.8,
18, 86, v. 666. 18, 6, 11.

mqfflvum ‚mq.
8,16,,16 6666, 81,8,18
ω6’6 ὣΝ6η6η6
11,,88.-ΙΧ.8.18.111,,8
11,6,,,,1666,8816,87
sq. 81, 8,18, 6..67666 8,,1
11, v. 8666.11,8,8, 6166
666.,818,88. 61186618,
666· mm. .

ἰ’

 

