RERUM ET VERBORUM. 739

18118 8811 188118811181188 111. 1118118 nymphe, eoeprereo 11118
C. 11, 8, 4. 181188 habitabili· ,8111111818
18111811 111. 8. 18118 888118 que· 188118 811 111,18,8.
nodo 118181881188888181811181· ’11181188 Boeotio· 8. 1, 80, 8.
888, 1818111118 181111 11111. - ’1118118 111188118881118111118 818181
8111181111 88188188 81181118 ibid. 1, 14,18.
8181118 811181188811111118 (1.1, 911181881181111188.1,88.8. -
80, 8811, 188111. 0888118 811 1181 11181811 ἢ 11111 τοῦ 881-
8118 1181181188 (1. 1, 80, 18 888. 1111181 11111.
8818 118181811811 G. 1, 80, 8. 8111118811, V, 18, 10.
81111 181188 1111111818188 88· 0181111811 8111118 1818 111 c. Ι,
ii· ,1888118181 G. 11, 10, 8. 181- 18, 11.
:ee orniam& 1118188ἐ181ᾎ18ἳ1188- Gelo? 21111111111 11118 118188 8.1,
111 8 , . 81181 .
gloriosiorem, 18,18,18,8,88, 1118181 rex, oioeqee 818118 1181·
8, 11, 8, 8. 111188 11811118 881 81118 tempium expeditio 8. mo,
8810.1,80,18. Teme 81818 18.
0. Ι, 18, 11. Quod 8818111888- 1118881881, 17, 188181.
118 11188811 1888111 8188188118 11118818 8818111111 nuncupet 111118-
181188118188 occepit (1. Ι, 88, 8. 111118. 1, 18, 11.
18118 881 88118 8181188 1888 0. 111811118118 S. 1, 11, 81.
1, 18, 18. 18118811118811 roz 111· 9111111111 Apollo S. 1, 17, 48.
8111181118. 1, 18, 80. 8188 18118 11111κὸ1, 81111181118, 81111181818
nihii 881 88111118 C. 1, 8, 88. G. 1, 8, 48. -11188110.1,18,
18118811 81818 81 frigide 111. 88, ¹4·
8. 111,8, 81. 181188 81 88888 oio Homero· 11881181 81118881
,1111111188 8811818111 (2. 1,8, molum 111,18,8.
81. Terrae 8111818 8811888111 81111ῖο1 Apollo Ι. Ι. 9, θ·
111. 84. 18118 8818 1811111118. 1, 11110815818111 S· Ι, 1931111188.
81, 81111181.) 1811888118118 Tiberini 1118188 11 deliciis 11811111
881 1118 81 88118818 1181181180. 1, 111, 16, 11 sqq. Tiberinon meru
11, 8.. Er 18118 81 igne 181 er 8811111111 S· ΙΙ, 8, ¹2·
18111 81 eque 1111181 88881818 Tiberin ⁰¹¹¹· 011· oum nevigei
881188 0. Ι,14,80. ’181188181838 1101011118318·
Aegyptii· 881 811 s. 1, 11,18, 11111188111811811118111111181888-
··- 888811181818188118811881 18· 181111, 10,11.
888, 11181118811188118118118 1111181111 nono· 1111 111 acutior
8.1,81,1. -1118181118 imego 111 gravior G. 11, 4. 8.
881 188818 Venor 111. 8. 118181 Tibicen omnimo· 181 acipenserem
118811 1111118111 111. 8, 88, 80. 11 111,18,1.
888118 1181111 118381 118181, 111811881811111,18,8.
81188881188818181181318818. Tiburtium 88818 88118111 111, 18,
1,18,80. -1181111111 ...ops 1. 118 1111181311 111, 18, 18.
S. 1, 10, 80, 18, 21. ·- Bona 1111188811 81 8181818111 1118118111
1188, 18118 81 18118 11111. - 1881118111888 S. 1, 1, 8.
1818 8. 1, 80, 18, 81, 11. ..1,8. 1111811188 81181118818118111811881
1118 S. ¹5¹¹‚54- -1881881, 111, 11, 1 eq. Cor 118 1888111
888. -118188118111, 18 Ter· 1801811119·
m 18811 non vernt· [1818. 111, Timor pierio G. Ι, 18, 11. Timore
⁶2⁷· 181188 quio 1818881 erim· laborantem 111 poree 8888 1811·
111881, 11,18. 8818 G. 1, 10, 18. 1111118118111
18118118 corporo 0. 1, 18, 8 81 18, amoro 11188811181 1118888. 1,11,
18, 18, s. 111, 1118. 18.
181118, 11. (188811 uxor 8. 11, 8, 8. 1111118111 pirum 111, 18, 0.
Tenere 0. 1, 8, 8 espa 11, 8, τ. 111888 18881 11118181 mnium 18811
’1811811111 indumentum (1.1, 11, 18. interiectum ΙΙΙ, 18, 4.
Gi. p. xmn. 11188118 1, 8, 14.
’1881181Ιί 8881811111 111, 8, 88. ’1111111111 1111181118 11111188 G. 1,
’18118811811818 811 811 1181811118 18, 4.
8811111118 8. 1, 18, lo. 11181118 11181 111. 18.

1188811811 Pythagoreorum c. 1, 8, 1111111118 1, 8, 18, 0, 11. ¹
11. 111181118111111 111, 18, 6.
181181 G. 1, 1, 8. 1111111111 1111118111, 8, 81.

 

