111111οΜ ΕΤ 1811101011. Ι1111

11100ιο10 01111101 8. t, 11, 11. ·— 110100 0. 111 tq. tto. 111, 1, 8.

ulterior 111, 111, 1. , 110100 01010 00 1018. Ι, 21, 111,
’1010101101 μὴν 8. Ι, 16, 11. 1100100 101 quot 00111 8. t, 11, 111.
11101010. ΙΙ, 1, wo 16, 21. 1101110 0110, 8. t, 11, 213 ΙΙΙ, to,
111010110 00018010101 10100οη 01010 111. 1100110000 00011001111,111,111.

01 0011010οι 0.·1,0,1. - 00· 1100111000 100 gonaro 111,6,1.

0101110001 000 011010.“11,111,1. 11011100 1101100100 11. 1 016. -
11111011001010 010111110110010 1110111 consultatoria 11. 1. - 0111100

1100101001,2,11;11,11. 1111. -1011001 11. 6. 1101110
1110111 0001 11001010 11, 2, ³2. 01010110Ιί0 11. 1. -·- 1100011. 6.
111011100οι 0 101011100 000 10101 11001100 10010100 8. 1, 11, 29.

101000 1101111 111, 11,11. 111· Α 1100110 10011101 000 00011101

0111000011010011.1. 0001 1101101010111,6,2. 0001
110100 01 10110010 0010000 001 01 11010101111018.1,16,1.

0001110101000110.Ι,11,10. - 11001100118.1,6,16;1,11,18.

000 001 0010010011 10000. 80. 6, 11011110100010011001. Ι, 11, 11.

2. - 01 001010 1110101010. 11, 1100100, ox quo 1100100 1101111100

16, 26. -100101001011100110 001000018.1,1,1600.

gotteranno ⁰· 1. ¹³, ⁸· Animus, 1100011 0010010001 utut 01001011.

1. 0. 01000, 01001 0001 00010 01 1, tt, 9.

0110111οι 0010100010 0 1, 11, t 01 110100011οι 0. 1, 8, 1.

16. 110110 1101000οἰ000 0.1,12, 11010110 0010001 0011101010 10100

1 000. tto 110110 1000100 0. 10100010 0. 1, 6, 611.

tl, 12,11. 00001010001000110 1100010000111000 1000101110 111,

0010010 0. t, 6, 62. 1100110οι 11111). 1101110110 0101111010 00000

1’Ῑῖἰ““ιο““1“ 0111311111 11'11111.11:.11311.”11:11

’1111100110 0. 1, 6, 611000. tto-conti 10110001οω 110100110110111 00000

00011001010001000000 8. t, tt, 0. 11,111,12. 11010010 00111101

11. 0100 00100 00110010 01 ro· 001018.1,211,2.

10010 0. Ι, 6, 11. 1101110110 1100101110 1001111110 00010 00011

10011000 10011100 00010 0000100 0001000001008.1,18,2.

0000000101111,1,1000;1, 1⁰ 11 01101, Το011 001100 0101101οι 0. .

000. 1100 1011000 10101000 0011 ,1001 01. 8. 1,11, 11. ·- 101·

10011100 00011100οἀ1 0001 8. t, 01111111010000.1,16,6. ·

11, 10. [10οΙ00 001010 10010 0. 110110οἰ0010 1011100 011 10 0010

1, 111, 6. 800010 001 0000010- aquom 0010100010 8. 11, 1, 6.

11001010 1111. 10100 11100110 000 11010111011108..11,1, 1100.

0000111 0111111 01011001, 16, 11010 1011110111 00100 mnndi 001000

te. 1101010010001100.1,12,2. c.t‚ 12,11. - 1111001110 tot.
’(10οω101100 1. 0. 01011111οἀ0 000- ’1111111011 11. 11.

010010 11, 6, 9. Hymettium (1001) 001001 111, 12, 11.
‘Ottowaeolmov S. 11, tt, to. , 1100101 1100 dicandi 0101111010 0. 11,
1101100100 0. 1, 8, 1. 11, 1. 11010001οω111001100100-
1101001101010011011101010000- 1101100101111. Ι ’

101 8. 1, tt. 111. 1101000010 11101 ’101000101111 (diet) 8. 1,· 11, 10.

11101101 0101100111000. 11,1, 16. 1100011010 11, 2, 1. - 11011 00-
”Optem 11010 0. Ι, 11, 2 01 9. thot 11,6, 16.

11010111 1110001101 8. 1,.’1, 1. Hyperborei 11, 1182. ⁴
’0010011101 omo 101101 1001010 ’1110101010111101 101000 0011010

diffinitivum 100010100111.11,1. 1oogflorot 0001 111 11010 0001,
11011000 Ι00111 0110. 1, 16, 16 01 11 nt· Homero 1010111011 1,.11, 1.

1111111111.11111 Ὺ11111111.11.1“111“1111111

1110101100111010 00110 01110 0.1, 11. 11, 1. 100001.

111211. 11011001100 1110000000 11101101 01
1101000001οο 1000 Exc- 010111.1,1. 111000 1, 16, 12. ·
1101101 0001100111 11, 1, 6.

11011000101018.1, tt, to. · 1 01 01111011010100 101100100101
1101100011 10000 111, 1³, 1 000. 0000 0000 1010100 8. 1, 1,,11.

1100100000 001001000 dioto· 111, 1 0101101001(101001101001)11. 11, 6.

16, 6. 1001010 01101010 quomodo 1111010111
110110100οι 001000100100111,1,111. Vl, 1, 8. .

 

