RERUM ET 111111011οΜ.

’117

01111111 1111 11111 1111311111 im, 1111111111 11111111 111 11111111·

0111111111 pm quiopiam 111, 8, 11.
Quoi pro 11111. o. 111. Not· 11 0.

1111· p. 1111. .
1111111111 8. 1, 81, 81. 01. 1111. ΙΙ.

fig. 6.

1, 11, 18111. 0.1,1.91’1,1 Rege· 1111 111 111111111111 (1.1,

1111111111 11, 11; 19, 18110,
18 11 80. ·
01111 1111111 0. 1, 1, 8(

Badio 1111 1111111111 vn, 8, 6.

1111111 1111 11100, 6.

Ranae 11 1111111111111 11111111,

11111111 vagina 3111111 0.·1,10, 16.

Ratio, 1111111111111 pm 0, 1, 11,
42. - ’11111111 1111111111 pm
0. 1, 11, 1. 81111 1111 111 11
cupito 111. 10. 11111111 1111111
1111111111 iii. 11. Tam 11111111
qnam 111111 111111 11111111 n».
18. 111111 1111111111111111 0. 1,
8,1. lu 111111ιί111 nono 111
11111 modulamini· 0. 11, 1, 1.
Quid 1111111111111111, 11, 11.
1111111111 :comestione 111111111·

· 1111111111 0. 1, 2⁰, 11.

81111111111111 11111111 unimam,
1111 111811111111111111111 11111-
11111· 0.1, 18, 11.

namatium 0. ΙΙ, 11,11; 11. 18, 8.

1111111111ῑί1 11111111111 1111111111 0.

,11,11. .

1111111111 8. 1, 11, 16.

1111111110. Ι, 18, 8; 811, 11, 1.

11111111 vi, 1, 81.

11111111111111111 11,1,8.

11111111 ε11111111101, 1, 1.

111111111111111 11111111 0. Ι, 0, 01.

1111111111 1111111111 111111111111 111·
11111101, 18, 19.

111111111 = 111111 C. Ι, 19, 5. vid.
111. ·

1111111111 0. Ι, 11, 18.

1111111111111 11111 vn, 18, 8.

11ιοὶ11111111 1111111111- vn, 15, 6.

1111111111111, 11, 18.

111111 1111110.1,1,1.

1111111111 11111111 vii, 8, 18.

1111111111111, 1⁶‚4. '

1111111 1111111111 0. Ι, 3, 143 8, 123
0, 0. -1111111110 i, 8, 1618.
v‚.1⁶,2 - 111111 publicarunt).
1, 1, 8. - 11111111 patim,
8, 8. - 11111111 0. l, 9, 8.·

8111111 1111111 8111111 1111111111
indicativum 0. 18, 1.

1111111111 0. 1,20‚ 4.

1111111111 = nequire 0. 11,1, 18.

1111111111 μα 1111111111, 9, ii.

&corgam pro 1111311111111.

Mire pro 11111 ihu.

11111111 0.1, 11, 10.

1111111111 1111111111 11, 1, 81.

1,1., -
Regiu 8.1, 18, 18.
81311111111111111111. ,

111 1111111111. 1111.

Re ,1111111111 1111111111· 1111111111
virtutibus 0. 1, 8, 0. Eius 111-
1111111· 111 1111111111 11 11111
beatitudinem consecuntur 81. 8,
1;0.1,8,1111. 1111111 1111111-
111111 1111111111 1111111111 ne·
gotiam 11111111 0. 11, 11, 1.
Rerum publicarum 1111111111

ἱ111 11 11131111 11 1111111111 0.

11111ςέ11 1,1, 1. unio aim 111

Religioni 11111111 1111 111, ii, 10.
Religioni· 11 quibui 111111 111
interrogandus 111, 8, iii. 11111-
1111111 quid 111 ln, 3, 8 sqq.¹

11111οά11111 vn, 11181.

8111111111 11111111 vii, 811111.

1111111111 111111 miiitiae 0. l, 6,11.

11111111111111111 1111111111 111111·
1111181811.

1111111111 0.1,6,10; S. 111, 11,

Remu· in 1111 11111111· 1111111 ili,
11, 80.

1111111111 = 111111111 11. mv.

1111 quali· 111111 111111111111111,

1111111111 111 8. 1, 18, ,11.

1111111111, immone iil, 1, 18.
inpetitione· 1111111111 V, 11, 6.
11 catalogo 111 11111111111111-
’ωῇήΜψ. ,

11111111111111 1111111111 ili, 2,

1111111111111111 1111111118. 1, 11,1.

· 1111111111111111 vi, 1, 111.

1111111 11111 11111. 1. 111. vn, 8, 0.

1111111 111. Antius.
Retrimentoe 111. 111. 11 111111.
111111 0. l, 81, 9.

1111111111 11111111 vll, 9, 8. Ι
111011111111 111111 11111111 (in
1111111111 1111111181, 10, 10.

1111111111 111. Voti.

1111111111 1111111111 munorum 0.
1, 1, 11. Ι f

Reviiun 111. 0111111111.

1111111111 = 1111111111 8. 1, 19, iii.

1111111111 0. 1,11,81. - 11111-
11111111 C. 1, 18, 1.

1111 1111111111 8.1,1,11. - w·
1118.11,1,1. -11111111118,

,1, 11, 1, 111, 11, ιι.

 

