RERUM ET VERBORUM. 693 ,

111181, 11, 81. -, 1111111111 mh, 1. 1. 1111111, 11111 1111111-
11111111111 omni 1111 1111111 111 11111111 Ι), Ι, 1.
11. 11. “ Amol 1111, Ρ111111 ΙΙΙ, 4, 9 111.
cu. 1111111111 1111 b. 011111 111· 91111111111111111 redire, 11111111
111 111, 11, 4. ·· 111111111 11 8. ΙΙ,1,6.
1111111111 1111131 S. Ι, 9, 14. Δ111111111ῚΙ, 19,1.
0111111111 8. ΙΙ, 4, 99.
01111111111119. 211, 8. Ε 11 1 11111111 plerumque 11 fluo
1111111 lingua-D. 9‚'2 ct. 8,1. 1111111111111111111111111118.
911111111111111111111111 qnae 11 1, 4, 21.
ΗΝ 11 11 ΕΝ 11111111 1). 19, 11111111, qui 1111111, 11111118.
Δωριεῖς 111111 111111 Ι). 14 , 11. 111111111 11111111 11111111 vim,
- inperfecti 11111111 1111111 Ι. 8111111111111111111111111.
’ 11111111111111111111 11. 18. 11. 8111111111 1111111 11111111 0.
111111 1111 1111 1111111 1111118. Ι, 1,19,8. 1111111111 1111111 1111.
99, 9. - 1111111 111111 111111 11 111111111111111111111111111·
111 111 1111 11 1111111 imago 8. 111, 1111111 11111 111, 6, 15.
Ι,9,11. -1111111111111111- 811111111111111111111111 11111-
11111 8. 1, 11 , 52. 1111111111 11 11111 contingere 111, ’1, 9. 811111-
1111111 8119111111. - signa· 1111 curationes 11. 19. Ebrio·
111111 11111 11 111111 1111111111· 1111111111111 111, 11. 8111111111
11118. 1,19, 18. 1111111111 1111- 111111 laborm 111111 111111 11-
1111 11 nomen quomodo 11 11· 1111191.
1111 1111111111 8. Ι, 21, 9 11. Ebur 1111111 1111111111 C. 1, 11, 10.
91111111 111111111111111111111 - 11 Etruria S. 11, 4, 111.Ι
1111. - 111 1111111111 11 Sn- 811111111111. 1,1,4; 18,1;
11111 11111111111 iungantur 11. 8.1’,1,8. ’
1. 0110131111111111111111- &ferri S. 1,1,111.
111111 volumina 11111111 11. 9. Echini 111, 19,12.
9111111111 1111111111111111111 Ἠχὸ, 1111 11111111 11111111, 1111-

11111111111111 111111111111311- 11111111 11111 1131111111 8. 1,11,
111113. 1. 111. 1111. 11111.

1111111111,1,11. 11111111111111.Ι,11,11. 811111-
11111111111111111,11111111111 8. 111111 11111 0. 1, 1, 19.
11, 1, 10. Ἐυφῶνησις 11, 8, 4. 111, 11.

111111 111-111 111111 1111111 11. 1, 9. 1111111111 11111111111 adsignandum

911111 1111111111 11 11111111 1111- 1111111 111111111111111111111
111111 111111 ΙΙΙ, 1, 8. 11 1111111111 vn, 1, 11.1

Dulce 1111, 11111 111111 111111. Ε11111111111118.11, 1, 9. - 11·
91111 1111 111111 11. 11. 011- 11111 S· Ι,1, 11.

11111 mel 11 11111111111 11111 81111111111111111,1,19.

G. 11, ,11, 9. 1111111 1111111111- 8111111 111111 111 111111 1111111111

girl· 11111111 quum 111111 111, 111, 11,11.

1²2 ³0· , Edictum 1111111 111111111111 111,
911111111111111111118111111Λ, 11, 14. “

11. Mauo ΙΙΙ, 11, 1⁸3 11, 11. ’

11111 (11111111) 1111111. imperf. 0. Β m 11 1111111111 S. 1, 11, 12.
1,11,1. 41111111111111111111 Β 1111111111 111111111111111111
Not. 11 vn, 4, 19. - 111 qm 1111111111 1111111118. 1, 11, 4.
11111111111 1111. 11 D. 111. 1111111111 11111111 11, 1, 11.

11111,11111111 11111111111119. 11, Εὸιόν, 11, 1, 1.λ Ι
9, 9. 1111111 11 1111111111 11111111 11111

11111111 1111111111 1110.11,9, 0. 1, 5. 11. Eicitur 11111 11
18. puncto 0. 1,1, 91.

1111111111 11111111 (1. 1, 19, 11. 8111111 11111111111 8. 111, 1.
qnid 111 0. 111, 17· 8111111111· V, 11, 29.

91111111 m ΙΙΙ, 2⁰, ἵ· Eugamium eligere vn, 9, 19.

1111111111 11111 ΙΙΙ, 19, 1. mehe 111111111 1111111111 S. Ι,

1111111111 1111118111111111 11111111 11, Ae.

S. 1, 11, 11. 111. 111. 8111111111 11111111 1111 S. Ι, 8, 9.

11111 prim llmopmtmflo ⁰. 1, - praetor ignem 111 egent 111·
19, 1. 1111111 111 c. 1, 1, 18. uento 111111, 9. - 1111 fluunt,

 

