’118 11. INDEX

1111111 1111 111111-1111111111 11-
111118. 1,1,1. ’1111111111 81-
,1111111111111111 1111111 11111
111111111 8. 1,1,11. ’1111111111
1111118. 1, 11, 11.
’1111111111 ,1111111111 1, 1, 11.
’1111111 Amphion 111, 1, 111.
Tartaro· 1, 1,1
’1111111 S. 1, 9, 11, 11, 11.
’1111181111 111111 11, 1, 11.

oo ohoumootor 11 111111111111
11. 111. Toto 1 11111111 111111
capito signi 1111111, 11111111111111
11111, 1111111111 11111 11131181,
10, 11. ’11111111 1111111 [1111111
11,1, 11. 'ren-pm 11111 11111-
13111 quaedum cognatio oopolovlt

’1111111111 (1.1, 1, 11.
’111111 elomentorum 0. l, 1, 11.

111111 1111 pro 1111 11111118. 1, ’1111111110 11111.
11, 111. 011111 1111 1111111111 ’111 11111 111111111111 1111111110.

111, 11,1. 1111111 111110. 1,
11, 2¹3 S. 1, 11, 11. ’11111

1, 6,1. 111 111111 111 11111111
11111. -11111111 corpo· 0. 11,

11111111). 1, 11, 111 11111, a. 1, 11.
011 111111 adsignetur 0. Ι, 11, ’1111111111 1111111111 1111111,11, 11.
11ς 8. 1, 11,11). Quomodo 111 1111111111 1111 1111111111.

1111111111111118. Ι, 11,11. warenna, 1111111, 8111111111 111111
’1111111 11 tangore quomodo 11111- 11111.

1111111,”1,8. 11111 11111111111111110.Ι,11,11.
ΤειχεκιβλήτηςἌρης 8.1, 11, 9. ’1131111111111 111111 8. Ι, 11,11.
1111111 otro 111111 111, 11), 1. ’1111111111111 11111111 11111111111111
’111111111111111,9, 11 11. 111 S. 1, 11, 11.

'remorato 1111111111, 11, 11. 111111111111111111 1111111111 G. Ι,
’1111111111 1.1,11,4. Ι 1, 1.
’11111111111111 omioni· Urgffi! 1111111111 1111 111, 1111.

1, 1,11. ’1111111111 1111111 11111111 1111111111
’1111111111111 11111111 0. 1, 1, 1. C. 1,6, 1111. - 1111111 11111111

- 1111111 11111 purgati 11. 9. - 11111011, 1, 11. 1111111110.

1111111111111.10. 1111 11111111 1, 11111. 11 11.

11. 1. -11111111 111. ’1111- Tem 1111111111 1111111 nodio· 11

1111111111 8111111111 0. 1, 111. 11111111 C. 1,10,11; 11111 .
11111111111 11111 C. 11,1, 1111 11111111111111111 1119, 111

111 11. 111111 frigidi· 11111111 11, 4. 1111181118. 0111111-

11111111111, 11111111 1111111 11· 11111111 111 11 11 11111 11111111
1111111 11111111 11111111 C. 111,
1111111111. 111111111111111
1111 1111111 0. Ι, 11, 1. 111
1111111111 1111 1111111181.
111 0.1,11,1111. -1111
1111111111 11111111111111111111 11Ι

11111111 0. ΙΙ, *1, 1111.
Temporotio 1111111 111111 111 0. 1,
'sufficebat pronontintio 0. 1, 11,

111. -· 1111111111 111. 11.

1111111111 11111111 8. Ι, 1, 11.
’111111111111 sigon 11 11111

111111111111 111111 1111111111 1,
1, 1. 11111111111111111111111111
1111111 11111111111111111111 1111111111
1,1,11;1, 1;1,1. -1111111-
11Γ11111111111 11111111 11111111

1,1,11.

111ἷ1111111,111111 11111 (11111111)
1,1,11.

’1111111111 1111111 1111111101, 11,1.

11111111 oon 1111 1111 11111111· 0.
ΙΙ, 10, 9. - 111111 1111111111 8.
Ι, 8, 1. Quid 111 1111111 11111.
Non 11111111 111 quon 11 11111
111111111.; G. 11, 11,1. - 11-
1111111 11110. Ι, 11, 6. 11111-
11111 111111 logo 1111111 111111
8. 1, 1, 11. ’11111111 1111111111
111111 11111 11111 1111111111111
1111111111 8. 1,11, 11. Tempu·
1111111111 8. Ι, 1,11. ’11111111
11111111 1111111 8.1,11, 1. 011111

596,11,11,11. -11311111 0.
11, 9,.1. 11 11111 pono 11111111 ,
111111 11111131 ,
19, 11. Eion trigon 111 11111 1
310!st 111 1111111111111111111111
1111111111311101111111011111111111.
11,1, 11 1111111. 0113111 1111
11111 11. 1. septentrio-⁸12· 11 ,
111111111 1111111111111 111 1111 1
1111111111111111. 11. 1111111111- ¹
gulo· 111 111 1111111111111 11.
11. 111111 quo 1111111111 11-“
111111 1111111111 11. 1 sqq. 81. 1, ς
1. 111111 1111111 11111111 11111
pom 11111111. 11, 1. 0.11,1,1.
31131111 1111111111 11111 11111110.

1 . 1111 111111-
11111111111111· 111 111111111111111
111111 11.1181,6,1. 0111111

 

