’111

1111111111 11111111111111111111
ligitluiiilv'u⁹ 11111 {bubum ⁰2²⁸2 1.
⁵¹3‘i?¹'2⁶'2}÷2'.‘u⁸.''.'.22⁰2i 111111
lui 1111111111 11191. 1111-

11111111 11111 111 lungun 11-
rourum 11111.

Mffliiut 1111 dieii 1111 11111111
,1, 91 . .
1111111111110. 11, 11,11; 111, 7,
11. 1111111111 11113111 111. 17.
1111 optimum 1111 ugut 1111111-
111111, 16, 11 011 1111111111-
uuum otiu 11111 1111111111ιί-
1111111119, 911 111. 1111111 11
1111711 111111111111311
Saturnu- S. 1, 1,11. Meiga-

11111 S. 11, 1, 12. 1111. 111.

111111111111 1111 ΠΙ, 11, 7.

1111111111 111 iu 111 viuu- 111
ἶ111211111 8111111111 1111111 8.

,ι 11.
11111111 S. ΙΙ, 8, 11.
Μίληᾶωὴηι tempu· 11. 19, 1.
11.
1111111111 11111111 1111 guum 0.
,1,11.

11111111 sepiem 1 Gmuiu‘uigru
dictu 11111111 11 1111111111 nuci·

blondum reddendumque deputatu
. 1, 11, 17. 1111111111 11111111
1111111 1111111111 111· 1111111-
rium 11111. 111. Singula 11 111-
1111 1111111111111 11111 11111, 18.

11111111111110.1,1, 11.

111ιὶ11111111111. 10, 17.

111111ιί1 animalibus pru 1111111
111101, 11, 19. 1111111111 11-
111111 111 1111111111 11111 0.1,

»mur c. 1, 11, 11.

1111111111 11111111 11111 111111 11-
cipitur S. 111, w.

1111111111 11111 ui Agamemnonis
1111111 1111111 1.1,1,11. 111-
11111111 111111 1111011111111-
11111111 111 0. 1, fl, 87.

1111111111 uu 11111 1111111111 S.
,11, 11

11111 111111, 1111111111 11 11111-
1111 11111 111111111 0. 1, 1, 11;
8, 19. 01. 11, 1. 11111 divinior
1111111111 0,1, 11,1. - 111111
1111 0. 1, 9, 11111111 metm
11111 ’1. uui-‚u

Ι , , Ι Ι 0

'm 11111 11 1111 11111 111-
11111 11 11111 11111111 0. 1‚2,
16. 11111, muudi 1111110.1,11,
1. . 111· 111·
. , , . - cum

11. 11111111

11111 nidoribusque
11,1. 111111 111111 11111110.
mu, 11. 11111111111111111
0.Ι,11,.111 11111111. 11111
111111111111111 81. θ, 2 11111
1111111111 cupite 0. 1, 11, 111,
8.1,19,11 11111111111111-
11111. 91. 11111111111111
11111111 1111111111
1ςο. 1,11,111 8.1, 111111,

1111111111111111 viuum 11111111
111,11,1. iu 11111111 qundo
111111 {iuuerit 111. 7. 1111111

. 1111111111 11111111 11111111 811,

111. 1111111111 111111 111111-
111 111111111111111 111. ¹. Pri-u
1111111 renuti· 111, 1. 1., ubi
9111111154111111811111111111111
Montius} 1111 111111 1111011111
&⁰521 1111111111111
11.; 8. 1, 11, 1. ·- 1111111111
111111 1111111111 1111111 0. 1, 1,
191119. 1111111 11111111 111·
11111 11 exortu 11111 1 1111111111
1111111111 8.1, 11, 1. 1111111
111 ypiiuuuuu 111 diebu· 1111111111
81, 11, 1. 1111111111 1111 1111111111
1111111111 111181, 11, 111. 111-
muru· 11111111 111111111111111-
111 S. 1, 11,1. 01111 cuiusque
1111111111
8111111811181111111.

. §uui singulorum 1111111 1111 e

11111 11111111111 8. 1, 11111 11.
- 11 ,11111 01111111 1111111111
8. 1, 11111111.
1111111111 1111 frigida 111, 1, 9.
11111111 1111 vl, 11, 17.

’ 1111111111 homiuum 1111111 111

111111 11 11111111 11 uouit 8. 1,11,
11. 11111111 1111111111 11 1111-
111111 111 1111111 111111 8. 1,
19, 8111. 011 11111111111311111-
111 11. 12 Ἑρμῆς 1111111 111
uui 1111111111 11. 91 17,1. 111
11111 11 sermoni· poten 8. 1,
11, 80. - munti· puiuuu 8. Ι,
19,11. Mercurii 111111 aucupii
111111111111111 111111111 111111
111 8. 1, 11, 1. Pru 1111 1111
1111111 1111111111 1111 ponne
111 1111111111 11111111111111111
. Ι, 19, 9. lieu· 111 11111111-
111111. 7. coniungitur 1111 11111
8. 1, 11, w. simulachrum 1111
quadratum quid 11μ111111.1,11,
11. uiator 1111 111 11111 S. 1, 12
11. 11111 111111 11 aedunt-r
1111. Τ11111111011111111111,8,1.

 

1111111110. ·

