11111111 1111111111. 079

11181111 11111111 1111111 111, 14, 11111111 qm 111111111111111 11-
14. 1111111111,20,211. Quomodo
1111111,1111111111111111111,1111 1111111111 0. 11, 11, 6. 11 16,16.
111111 111111 S. 1, 12,811. - 8111 111111111 11 111111 0.1,11,
11111111111111).11. -111111, 11. 11111111 11 11111111 1111111
11111 111. 8 11 12 uq.; 2Ι, 6. terrenorum corporum ordo 0. 1,
1111111 1111111111, 111, 12 11111- 14, 11. Quando 1111111111111-
11111111111111111. 1111111111, 11110. 1111111111·
Apud 1111111111 11111111 11111111· 1111111111 11111111111,11,9.
1111 1111111 p. 11111. 1118 1, 11111111111118.1,12,2.
1ι,11;21,11;1,1,21. 11111111 1111111 111 1111111111
’1111131111ῗῖιῖ 1111111111νῆ 1111111111 111111111111111
e, 1111. -11311111 11111111 c. 1, 11, 11. archanum veritati·
0.“ 1, 6, 26; 111, 1, 21. 1111111 11111 0. 1, 11. 22.
ὃ11ἷ1611ἑ6111ὶ1111111. ι111111111011111111 111111ἱῆ1111 Virgilii 1111111111 1,
. , , . 11 1 1 , .
trigidum 11111..Ι 11111 11 11111 1111111111 1111111 apud Ainyriou
11111111 1111 11111110. 1, 11, 21). 1111111 S. 1, 21, 1.
11111111111 1111111 0. 1, Ι, 111111 numquam 11111110.1,16,1.
1. Quid 111111 11 1111111111 1, Arcton 1111 11 111111111111111111
11,12. 1111111111111111111· .1,11,111.
111111111111 magi· 1111111 111 11111 111111 1111111111 11, 1,· 1.
1111111111111,11,111111. ·- 11111 1111111111111 0. 1, 12. 11.
1111111 111111 1111111111 plu 1111111 1111 Phlegethon 0. 1,
1111181111111,12,30. 11111111 10,11.
1Ῑέ1.111ι.1111311.11ἒ1111111Ι 111,ν Ilm, 11411ἳ11ἔ1ἔ111 111111 1111111111 111,
1111 .
21ιν 'An ::rp.upo:.g„1·uv.fic{... 1111111ἓί11 1111111111111111 111,
11111 11111111 11111 0111111118. 1, 1, 11. 111. 111.
111, 1. 111 1111 1111111111 11· 111111111111111110. 1, 4, 2.
111111 1111 1111111 111, 14, 111. 11111111111 111 111111111 1111111·
11111 1111111111 111 1111111111 11 111121, 19, 12.
811111111111110. 1, 11,8. Argumentum 1 1111111 11, 2, 6.
11111111 qumodo 11111 11111111 - 1 1111111 111. 8. Argumentum
11111118. 1,21,21. 011 81111111 n ,11111111 s.1‚ 19, 17. Argu-
adsignetur 0. 1, 21,26. 111111 111111 111111 11111111 11111111·
1111111111. 1,12,4. 0111 enm 11111110. 1, ¹1⁸· .
11111111, 11111111 1111111111 Argus, 1111111 1111111111 111111-
1111. 1111111111 S. 1, 12, 1211.
11111111 111111111111 1111111111 'A 1111111 111 111111111111111
211101. 1111111 1111111111 91111111. ’
{¹3⁸¹ss apag {iamssmm 11 apud Aricini mgmfnb'ffim 1111111
1111111 1 . 11111111 · . 1 ·
1111111 1111 111, 211, 6. qq 1111111111 111, 20, 1. .
11. 11111111 haruspex S. 1, 11, 22. 11111111 1111111111ιὶ 11111111 111,
111 11111111111, 6, ¹²3 11,1; 11 3, 111.
1 11. Apud 1111 observatum 11111 11111 Graeco· 111116 111111
1111111111111111111 111,1, 16, S. 1, 21, 19. ,01111111 mm·
1111 11111111 11111 111111 1111 1111 portendat 111, 1, 2111
111 1, 1. 1111111111 1111111111 11111111111111111111111111111111
1111111111 11111111 111,11,1. 11111 1111111. 1, 21, 18. 11111 sidu·
11111111 11111111111 111 1111 0. 1, 6, ⁵⁰3 1411111101 ”3¹³2
11111111111,2, 1. ’ , 83 21, 2qu 011111 pum·
1111111 1111111 1113111 111111 0. 11111 tigny . l, 11, 2³· 011
11, ¹1, 19. 111111 unguetur 111111 S. 1,

Atat 1111111111111 pulchre 1111111 12,10. 0111111111111111111-
vl, θ, ⁶· 1111 111111111 S. 1, 21,18.

,1111111 111111111111 0. 1, 11, 11. 1111111111 11111111 111, 1, 111
111111111111111111111,1,1, ’11111111 11111 ἐκ 1111111111 1111111111
,1111111111 111 1111111111 111111111- 11. 111, 1.
1111111111 somnus? 11. 19, 1. Anum samm 1111111 11, 1, 11.
1

,41111111 1111111 . 171 1111111111 1111111111 apud 11111-

 

