181 li INDEX

aloni 1111 111 111111 111111 S. 01111Ξ111111111 1111111111 0.1,
(11111111 111111 {ro-orer 8. 11, 1, 4. 0111111111 vorborum p. 1111.
01111111 111111111111111111,111111- (11111, 1111111111 1111111111,
11111 1,1,11., 111 11111 1111111 1111111111 11111111111111 ,14,10.
111, 1. 1111111 1111111111 111- 01111 11111111111 1111111111 11
11111111 1111. 111911, 14. Virgilio· Virgilio 11111111 11, 1, 1.
11111111111111111111111 111111111- 01111111 1111111 gronio· 1111111 V,
1111111 111111 0111111 1111 quoquo 1, 11.
111111111111111111111 Vm 111- 0111111 111 (1. 1, 11, 14.
11111111111 11111111 1111 11111111 0111111111 11111 S. 11,1,1.
111111 11111 1111111 11111111 011111111111118.1,11,11.

mim 01111111 1111111 11111111111111111- i

(1111111111 brodoam-ior 11111· 111 S. 1, 11, ’1.

11111111111111111118.Ι,11, (1111111111111118. Ι,11,11114. ³

14. (11111111111 11111111 1111111 111111
0111111111, Antonii 11111, 11111111 Veneror· S. 11, 8, 11.
commotioni, 11, 11 rqq. Comitium 111, 11, 11.

011111111111 11111111 11111111 (111- 01111111111111111111 111, 11,1. ,

1111111111 (1. i, 11,11. commendatitiae (11111111) S. 11, 4,
0111111111 Vi, 4, 11. 11.
0111111 11 11111111 1111111 ·s.·11, commentitiorum 11 Soron. Srip.
1, 1. 1151111111111 p. rrrrrqq. - 1111111
(11111111111111111111111 1. 1, 1, loro. p. xrr. saturnaliorum 1111 por-
arpenta imago 8. ii, 1, 4. iem 111 11111 Ι11111111 0. 1111-
011111 11 11111111 ΙΙΙ, 11, 1. 111111 ibid.
0111111111 (1. 1,11, 1. 0111111111 (1. 1, 1,1.
augurare 11. 1. commercium, 11, 10.

0115111111 11111111111, 11, 11. 0111111111 1111111111Ιί S. 1, 11,1;

(ioeoynoiom 11111111 111, 11, 1 11,1,1.
011111111111111111111, 11, 11. 0111111111 z 1111111111 1111 0.
(1111111111111111 1111111111, qnid rii 1, 11111 11. 11, l.
C. Ι, 111, 11. Commodo S· 1,1, l.
(1111111 1111111, 111111 (1111111111 0111111118.1,1, 1.
1111111111111111111111118.1,1,11. (1111111111 1111111111 (1. 1,1, 11.
cnon· nogorolir 1111111111 111, 11, communen 1111 S. 1, 11, 11.
1. - pontificio irootoii 11. 111 0111111111 verbo 11111 Graeco·
rqq. ,11111 1111111 11. 11. 11. 11, 9111.
0111111111 S. Ι,1,1. 0111111 1 8111111111111111 0. Ι, 11,
0 11111111 111111111“11,11,1. 1. 11111511 hemisphaeriorum
111111 coepit 11 11111111 11111- (111111111 1111111111) 0.1,11,4.
monio ib· ³· ' com 1 11111 numerorum 11111111
0111111 11 111111111111 hominnm 0. ,1,1. 011111ςῶ11 reptem
(1.11,11,11. 0111111 iore 11· membro qooo 1111111111 11111111
1111111111 1111111111 So· 1, 1. 0. 1111111110.
1,1, 11111. commonicare 11111 11111 -· ox
011111111111111110.1,1,1. ·- 1111 1111111111 couri 11111 111,
11111110. 1, 11, 11. 1,1.
cognitio 1111111111 (1.1,1,1. (111111111111 11 1111111 1111111111
(1151111111 ox proprii· 1111111111 relatur 0. 1,1,11. 11 111, 1, 11.
1111118. Ι, 1,11. nr cognomi- 011111111111 (1. 1,1,11.
11111 1111 nomino 11111. roq- 0111111111 1111. 01111.
01111111111111111.1,11,11. ·- (111111111118.1,1,1;11,1.111111
1111111111. 11111111. i: 1111111111 1111
1,11,11. Permutatio 1111111111 S· 1, ’1, 14.
011111 111, 11, 1. ’ {rodi 1111111111 Superbo 11111-
(11111 111111 (1111111111 eureio 11111ι 1111.
risui 11. Θ, ⁸· orror· Verr- 1111111 oro· 1. 1, 11, 11.
ri· 111 porro· 1111111111111111 0111111111 1111111111 1111111111

S. 11,(1, 11. 11111 1 Pythagora 1111111111
cinvio-mmm 111111 Β. 11, 3111, lfi 11111. Ι(1101111111 ox
1 · 1111111 . ,ρ111., .

 

