111

6616166 11166 flamm 6. 1,
16, 6. 81636116 1116661166 unu·
gffgrdiogeiutffifimuhffi
0, 1,11,111. Primo 666 116666
6116116161 0. Ι, 11,11. 16 111616
61 11116 16111 6161 61 666111 116·
111 1661101, 16, 116111. 86111
1161116 6661066661 61 061111661-
61160.1,11,1 61118. Ι, 11, 61.
1611111116 611116 11161 1661 161161
0. 1, 1,111. 16 6161 66161616
66116166 1661611 11 66 1616166-
1618. 1,11, 16. ’ Su 11 6611166161
6116611661116 6666 661 0. 16,
11. 1166611166 6161 116161166 16
6166116666 6666 8. Ι, 1, 11. -
16 666111166666 6666 11616666 8.
1, 11,111111. 86161 1666, 66661
6661 8. 1,16,11. 16661 66116
1161161 1661666 0. ΙΙ, 11, 6. 81·
111 16661616 G. 1, 16, 161 16,1
61 m 61111. - 1166111666 1616616
11111.11. 1161661161 16116 616161
11. 11 ’16116 6116 1661616111 666·
6161 0. 1, 16, 11. — 1116111161
16666 66166111 0.1,16, 16. 86-
111 6166161166 11. 11. 01116 166·
1611666 161116 166161 61116161 111,
11, 1. 1666111111 1161616 16116 0.
1,11, 11 61 11. ,0116611 1161
11111· 11.·11111111111111
dum 611 0. 1,16, 1111111. 861
666616 1616111111 86. 1, 1. · 116-
11616 666 611111611161 0.1, 16,
11. 861 611 1611611116 166666116ῑί1
66616181, 11111. 861611616
1166611166 111616 66611616 16666·
1661610. Ι, 11 11. 1111166666-
116 16161616 11611166 8. Ι, 11, 11.
86161616 161116 6616 616616 6616-
1666 0. Ι, 11, 61. 81116 666166-
11161611111618. 1,11, 16. Pur·
1661 166166 1616161661ἰὶ 1616-
116116 1611661161 . 1, 11, 1.
11161 1611161 611 116611 11. 1.
6111616111 6161616, 6661611616 16-
161616 166661661 11111 S. Ι, 11,
16. 86116 661616 8. 1,11,111111.
116611 66 66 16161111 661111611ῑὶ161
(1.1. 1166111 1661616111 111, 16,
111. 1611616 1611616111 661661 11.
16. 11166 1661 616166 66161 661
6161161616 6166 616 11116 s.1‚ 11,
11. 161 161666 6161116616, 0.1,
16,.1. -- 661 61 1111166116 61166-
6616161161111661616 161611661 86.
1,10.1,11,11611.18.1,11,
1. «- 16166 61661111. 1, 11, 161
0- 1, 11, 6. - 616661 661161
161616166161618.1, 11, 11. —-
m 66611 0. 1, 16, 6. - 16111

11. INDEX
1111.. s. uu, 11 uo· vu ι

sirau· 61166 1161116616 61161111-
6161 .1,’1, 16. -111166161661
61661661 1666116161 S. Ι, 11, 1.
8611 661166 611 1111166616 66611
11116. 1111111611 61 661166 1111·
61111118. Ι, 11,1. Suu· 11166
6616111 616611166 61 1161116 11161-
11661168. 1,11, 6. 116161661661
11166 6661610. 1,161. ·- 111116
66116161 11161 0. 1, 16, 1611.
8661111661 61161661166 66161661
661 0. 1, 11, 111 11,16. 86116
61111116 611 iguis 6166661616 0.
l, 11,(1. 11166 1661116 66161616
iguis 116616 66161111 0. 1, 11, 11.
6011661616 16616 11 1166111611 66-
16116 1166661 6111111 8. 1,11,1111.
Qu& 16666 6161 1111116166 6611166·
161 G. 1, 11, 1 1111. 86116 16611
66611161 ,1161611111 61 1666116
611166166 86. 1,1; 0. l, 11,1
sqq-3 11,1,1. 0111 6 666661116
6611111 Mercurium captuque Vu-
161616 6116 6166616101, 11, 1.
061· 666 6116 16 166 1616 1116-
61616 661661 6116111 016616 0. Ι,

, 11, 11. 1111616116 11116166 16116

66111166, 616 1116616111 S. 1, 11, 1.
016661 6161 11116166 66 66166
1166116111 1611611 6116616161111-
661116 8. 1, 11, 66. 16 161161
1111111 11111111
· 1 1
uem 16666 (11161661 61666 661
6111111161 611611611611661 161111616
6616 1666161661 11. 1. 16 616166
166111166116 ,1116116 16666666
611, 16 66616166 (11161661, 1. 6.
111161 16161 8. Ι, 11, 1. so!
1616161116 111161 1161618. 1, 11,
161111. Su! 61111161 6161616166
8611161116 11. 11. 11616 616166 111
1111618. 1, 11, 16. -111116111,
⁴0· -ussdnm ib· 7. ““ Δώ-
1616618. 1, 11, 11. -·· 11116111.
16. -161111111 1111. -
Εὖβουλῆς 1116. 61 s 11. Qui
6166 61661116 16661111 11616 8. 1,
11, 6. Eu 1161661161 11. 1.
16661 661 1161111666 geminus 8.1,
1,1111,11. - 116166161 8.1,16,
61111. - 1661116 8. 1,11, 16111.
- uui· 11. 1 11111. - 06111111.
11111, ·- 11616111. 11. - Am·
11166 11. 11. -16111111 61166
11111111. 16. -Ν6616116 8. 1,
11, 1. ·-· 166 11.1. -·- 86161-
11111 11. 1. - 1611111111 8. 1, 11,
1. ·-Α666 (1.11. 861161111616
616611616616 (161111611161166 0.
1,1, 16. 11161 1161611611616 161-
16161 61166 61111161 8. 1,11,66.

 

