18 -ss.iNDEX

1111111111118.1,1,8 Δ 1111111111111111,4,1.
iigeniu- 1111111118.1,1,1911 1111111111111119111111111111 1111·
. · x· ⁷,i ,l .

11111 cinq-0 1111111118. l, 9, 9. 11111 inguim in 11111111 s. 1, 11,
111111 111111111111 1111111111- m.

111111111111111111111111 11111· 111111 1111111111 S. 11, 1, 18.
111111111,11,1. 1111111111- 111111110.1,11,111. -111111-
mii vcri (1. 1,8,1. ’- 111· 11181, 11, 11.
11111 V, 8,8. lmc· 11111111 1111111111’,1(1,111.
1111111111111,1(1,1. ’Ilicet c 1,1,11. 11111 11111111

11111111 11111 8. l, 9, 11. 111110. 1,11,11. 1111111111111

1111111111 11111111 1111 11111111 1 (1.1, 14, 18.
lium 11111111111 8. Ι, 11, 8. ’1111111 1111881111. 11111.

- 111111111111111111111111. — 1111111,811111111111111111111Ι.
1111 1111111111111111118.1,1, l, 11, 11.

n- -11111111111111111111- 11111111111111 111118.1,11, 11
1110.0111118.1, 10, 8.

111111 111111, quia· 111111 11111118.
1,9, 1. ··· 1111111111111 quui
1111111111. 11. 111111111011111111
111 551¹} {llif'lttlzllllllt 111111;.“.1.“;..·.1ἱ·;ξ”111“1ῑ
111, 1101111111 1114111112. ,1111 11111111111181311η1111 1111111111
1111111 11111111111111. Qccicc 1111111,111111111111111111111,
1111111 11 1111111111-11. ffi- 4, 19. 1111111 ministerio 1111
8111 11111111. 1111111111 ,1111 ciliorum 11111111111111111111111111
1181111111111111111 amima& ’1111111111 11-11Π11111 quill nigni-
1. 0111111111111111111111111111 licei S. Ι, 11, 11.

8. 1,1,Ι1;9,4.118.1118.111111· ’111111 Apollo S. i, 11, lc 11 19.
111 11 111111 11111· 11 ccccc- 11111111111111111111111111111 1111-
1111111118.1,11,1. 1111111111 1111111111, 18,1111. 11111111-
1111111111111111 1111111118. l, 1, 1111 1111111 1111 mci-ccicc 1ΙΙ,
2⁸3 11, 8. Ec ccciccc 1111111 11, 11. -

1111111 1111111 11111111 8. Ι, 9, 11111111111111111111 111 c. 1,1,
11. ’1111111111 111111 111 1111. 181 S. 111,1,111. -11111111111
Ex 1111 1111 1111111111 111111- 1111111111111(1111181111.11111
111 11. 18. 011111 1111 111111 11111111 11111111111111111111
bollo, 1111111111111111. 18 11. (11111, 11. -11 11111111

111. - 1111111 11111 111111 11.
11. - ,1111111111 11111111 1111-
,11111,111111111111

(111 1 1111111 11111111 1111111
1111, 111111118.1,9,9. (111
1111111111 1111 1111111111111.18.
8111111111111 1111 11111111111
11111111 1111111111 11. 11. 111111

⁸ 11111111 11111111 11111111 111 8.

Ι, 18, 81. Gur 1111111 111111·
1111111111 invocetur 8. 1, 9, 8
119. 1111 1111111 1111 11. 14.
-111111111111911148 -

11111 nc 111111 11 1111118. i, 9,“

1. 1111 1111111111 1111111 811111
8. 1, 11,114. 1111111111. 1. 111·
ium, 1111 1111111118. Ι, 9, 11.
11111 eiu· cognomino ib. 1111.
11111111 1111. 11 11, 11. tin
111111 1111 1111111111, 11111

111111 C. 1, 20, 1, 1111111111
1111111111.ἶὶἳὶ 1111811

· · 1 1
10. aniilalcc 1111 1111111111·
1111 1111118111. 81111 11111
11111111 nihii 111111 111111 G.
l, 8, 29. igni· 1111111111 1111-
1111 11111111 111111 communicavit
0.1,81,81. 8111111111111
1111111 11111111 0. 1,11,8. igni·
1111111111 0. Ι, 11, 19. 11111111
11111· 111 1111111 licii. igni· 11
1111111. 1111111111 11 11111-
111 ihil. 111111 11 11111 11111-
111111 coniunctio· C. l, 8, 11.
Ultima· 11111 (l. i, 1, 9. 11111
1111111111 1.1. 11 ” 11111, 8, 11.

111 1111 111111 11111111 8. i, 9, 11111111111111111111 .ΙΙ, 8, 4.
12 01111111111111118111111 lgncrcl 1111111111 (111111111111)
11. 1. 811111111111 1111 1111111- 11.11,8. bacini 11111111 1111·

1111 111 'i 1111111111 (1001111. 11.
1Μ1Μ1Μ11

’laci 111 1111 Ι. l, 18, 19 ulli·

111111 11. 11, 9.

ignoti 1111111111111 1111 Virgilium
’ v, 11, 1 1111.

 

