1111111111 ΕΤ 1111101111. 111

01114111111111111111111111 111, 11, 0141111ιθ 111111 111 11111 1111111 11,

’0111111111111101111 . 11 01111111,11,111.

1111 111111111111111111 111· 0111111111118.1,11,1111. 011-

1111111 11111 coniungunt 11. t. 11111 11111 Aegyptio· 11111111]- .

01111 opicum 11. 1. utrici· 11111111113111111111 11. 11.
01111110.1,1,11;11,1;11,11 01111111111111111111111,9,1

(111 111 1111 111111111111 pru 111. 11111 dulor 111 111111111

111). · 11. 19. 0111111111111111,1,19.
011 111 11111111 11, 1, 9. 011111111111 Not. 11 111, 1, 1.
0111111111,χ1111111111610.1, 9, 1 01111111111111111 111, 1, 4.

0111 111119 Omnium 011· 01111111111111511111111111111111, ¹

ulricum 0. 1,9,1ς 8. 1,]1, 11. 111111111111, 19111, ,

,111111111011111 S. 1,·19, 1911. 01111 111. 1111111.

0111111 11111111 111111111111 0111111111111111,19,11.’0111111

11111 1113111111 111111 sumpto, 111111111111,11,11.

1111111111111111. t· 1111111111111·

111, 11. 01111Ιί11 Pitholai· 11, 9, 19.
01111, 811 ’1 1131111111 111, 11111. 011111111111111 0, 1, 8, 11. 011111·
011111 put 111111111111111111111 0. 1, 1, 111 11, 19.

Ι1,1, 1111. 011111 1111111111 11111111 1111-
011111111 111 1111 11111111 1111111 grint 11118.11,1,1.

111, 1, 11. 0111111111 1111111· 01111 11111 1111111 11111111

1111,1,1, cuum 111111111111111.1,11,
01111111 11111 aput Virgilium S. 12;11i‚u‚ 11 111. 0111 11111-

’1,11,11. deuter 11111111 11, 9, 1 rqq.
0111111111. 111, 9, 9. 0111 111111 8.1, 11, 111.
orbiculatum 1111111111,19,1. - ovum 11111111111111111111111111,

pirum 11. 1. 11, 1. 011 11111111111111111.
0111111 grammatici ,11 01111111 19. 011111111111 inurit 11 Ι-

1111111118.11,1,4., 1111111111. 01111111118111

,011110.1, 11, 19 ruz. 01111111 1111111111111111111111111111.1.
11111 quud 111111 . Ι, 11, 9. 011111111111111111111111111·
01111111111111111111 111 11111 1111 111, 11, 1. 011 1111111111
1111 111111 111111111 mutor 0. 0 1,1,19.
Ι, 19, 91. “ 01111111 (verbu) 0.11,1.’
0111111 utu 111, 11, 1. . .
0111111111 1111111111. rach 1111 81111111 promuntorium
01111 1, 19, 1. S. ¹} 11, 11.
011 11111111 utque signatu 1111 rt· S. 11111111, 11111111 111111 ru -

mutuaturum 1111 ingemino S. vit 11 1ῐ1111111111 1111111 1-

1,10,8. 11118. 11,11. 11Ρ1111111111
Oriens 0. 11, 1, 19. aurun Auguuti iocur S. 11, 4, 4.
111ξί1111111 rerum 1111111 0.1,1, hitalia? dictur 111 111111 S. 1,
0111111111ιί1 (0111111111, 011111- rnottqnutqtinn 11, 1, 9.

1111, 01111111111)1131111111 quui Pugnur S. 1, 11, 1.

1111111111 tribuitur curruptu· 111 113111111 1111.

1011111 6111111111η11.11. Π111111111111,1,11. ι ·
0111110111111111111511111111111· 1111111111 11111111111111 11,1,1.

111 . 1, 111,1; S. V, 11, 11. 111111 111111 111, 9, 11.
((111211111ς11ἰ1111111111, 11, 1. ΡιιΙῖῗιαῙιὲ 2ἔξω utuntur 11111111

111111.. 1,1. ’ , .
ο. 1..11.1.1..’..1 . 1. 11, 1, u 1111 11111111.

0111111111111111, 9, 191 1, 11. 1111111111 11. 19.

- (tiu tugen· 11, 9, ¹⁶3 1, 11. 1111111111111111111,1, 4.

omui 1,11,19. 0111111111οᾸ, 11111111111,9,11,1,1,11; 1,

1111, 11. οφ1111118.1,111,11. 8191 11,,1ἷ1Ι 111. Ι m· ud
tt:⁸;:2“22.⁵¹t⁶.5⁰.¹’1.³.5;..¹.” '³¹¹‘ 11,...1.“1ξ”.,11““ ¹⁰ ¹'
0111111 11111 1111111111 1111111 S. 1, 111111 1111111111 11111111 repte-

1,-91. Ι· 1111110.1,1,11.

 

