118 11. INDEX

01111111 1111111101 0. 1, 91, 9. 0111111111 1111 8. 11, 199.
obsequia 111111 1111111 (der Officium videndi 111, 11, 11 11.
011111111111111111 16, 68. 0]Ιι’1111111111110.1,’6,01.

· 011111111111111111111 1111, 111111, 11, 11.

. Ome 11, 2, 1. = misericordia
0111111111 1111111111. 1, 1, 1. 11, 1, 11.

0101191191 ⁰· ¹, Ι. 71 ²1, 17· - 01111111 genem 111,10, 6. 01111
0111111111 11 0. 1, 111111. · 11111 111 11111 111111 11111111 111 111111-
11111.’1.111. 0. 8, 6. 111111 111, 111, 24.
0111111· pin· 111, 1, 8. 0111111101, 10, 6.
011111 1111111111 1, 16, 7. 011111 111 1111 1111111111, 111111
0111111111111. m. 0. 1, 6, 41. 111 uem 111, 19, 99 tq. 011
011111111111110111οᾸ, ΙΙ, 11. upon-em 1111111111 11111111, 11
0111111110.11,6,11. “ 111 11111111 111111111111 11111-
0111611111 11111118-1,6,11. 1111111 111. 11. 011 1111111111 111
0111111111 11111111 111, 111, 111. 11 111111 11111111111 111. 16 11.
011111 111 11111111 1111111. optimum 1111 agor 01111111 111,
011111111111111 1111111 11 1111111111 16, 10.
’1111111 111111 0. 11, 9, 1 111. 01]111111.1,11,19.
ἓ. 1, 2³, 2 - 11111 111111 0111111111 luppiter 1, 16, 16.
1111111110.11,6,1;16,111. 011111 Olympus 11111 1111 1111111111 111111.
11111111 et 1111111101, 6, ⁰¹1 ’0111011 fici 111, ⁰⁰, 11.
11, 9, 6. 011111 1111811111 81. 0, 0111111111, 11 nuscuntur, 1111111111
6. 11 11111111 1111111111 111111- 10111111, 1116111.
11111111111111110.11, 16, 11. omn· mdo 116. 111. 111111, 6, 12
01111111 0111111111 1111111111 11· 0111111111, 11,11;11,6, 14.
11111 111, 8,1. 0111111101 p. 1111.
01111111 1111111111 1111111111 1111- 0111111111111111110.1,11,11
1111 1111111111 111, 6, 11. Ὄνειρος, 1111111110. Ι, 6, 2 01111
01111111· 8.1, 16,11. 111 111. 1⁰ 11..
0111, 1111 11111 1111, 11111 1111111111 Ὀνοματιιὸν ῥῆμα ex 1111111 111-
1111111 111 0. 11, 2, 1⁰. 0111 11111111 0. 6, 16.
1111111111 6111111111 11113111 011111111111111111111111118.1,
1111111111111111131111111113 01110111181ε 111111111111 111, 19,
111 111 efficiendam 1111111 111· 1111.
11111, 111 11101111111111111 auno· 0111111111 corporum 111, 1, 1. -·
1111 8111111111 11111111111 0.1, 1111111111 111, 11, 16.
6, 6. 111. 111. 01111111111111.01111.
0111111 11111101111111111 1111111 Opem 111, 9, 26.
, 81, 1191. . 01111111111111111,11,16.·
0111111111 11111111 11111111 eor· Opim, legatus tegla Assyriorum
11111111111111111111 11111111- S. 1,93, 1⁰.
1111111111111110.1,1,11;113, opifex 11111 111, 1116. — 111111
11. - 111111111111111111111111 111, 16, 11. - mgni· V, 11,
0. 1, 11, 11. 11 11111111 rum 1⁰.
1111111111111111111111111 1111 01111111 111111 11111111 11111 11-
1111111111 vocaverunt 111. 11. 111 0.1, 19, 11.
oculorum 111 111, 9, 21. -1111- Opinio 111111 111111 1111111 111
111 111,6,11. -1111111111111 11111111111110.1, 10, 6. 011-
profluvium 111, 11, 16. 11111111 11111111111 111 1111111111111·
11111111 111111 1111111111 111, 111 0. 1, 11, 9. 0111111111 111
ἐξ, ἒξ. ἱξ11ς111 lovi· 111 S. 1, gualo ξῧ11911111111111111111111111
0111111111111111111 0. 1, 16, 111. 0111,’·011’1111 111111 11 ipsa 011111
01111 pigmento S. 1, puoh, 6. 1, 11, 1 sqq.
0111111111 111, 9, 16. oppid· 1111111111, 9, 16.
01111111 = 1111111. 1,1,1. Op· 111 111 111111 tem Ι.1, 10,
Offensa 1111111111 0.1,1, 19. - 20. 1111 8111111 coniux 111. 19.
dubitandi 0. 1, 1, 9. - 111111- »11111 1111111’1111111011
1111· 1111111111 1131131.ἷέ 11. 11311'21112'1·
8111, 111. ’ ’ ’ ’1)1111111111110.11111.ι ’ . ¹

 

